output/bk.asc
NCOLS 329
NROWS 487
XLLCORNER 0.4296875
YLLCORNER 0.03125
CELLSIZE  0.5
NODATA_VALUE -9999
[rows 297 to 323 of 487, columns 62 to 123 of 329]
20.57441691767922 21.111639876917458 21.545986952500755 21.545985714507648 21.54598447651454 21.54598323852143 21.545982000528323 21.545980762535212 21.545979524542105 21.545978286548998 21.545979820797907 21.545984055892458 21.545988290987005 21.545992526081555 21.545996761176106 21.546000996270656 21.546005231365204 21.546009466459754 21.546013701554305 21.546017643296725 21.546019414557914 47.32307384345334 47.325985867701945 47.328546210336576 50.66268213812085 51.22889645739865 51.619150605681334 51.556400909487245 51.49364817973602 51.430779347479735 51.36894996807605 50.746064867292134 45.68130383272927 45.68191857837235 45.68253253963097 16.47278368386001 16.928080786627877 17.387309602236403 17.84653841784493 18.305767233453455 18.76499604906198 19.224224864670507 19.683453680279033 20.14268249588756 20.601911311496085 21.06114012710461 21.520368942713137 21.545983491641863 21.545983867011827 21.54598424238179 21.545984617751756 21.54598499312172 21.545985368491685 21.54598615943383 21.545988297230394 21.54599043502696 21.545992572823526 21.54599471062009 21.545996848416653 21.25309660609174 20.799415954592295 20.34573530309285
21.03184967150495 21.54598700760531 21.5459857696122 21.545984531619094 21.545983293625984 21.545982055632876 21.545980817639766 21.54597957964666 21.54597834165355 21.54597712920448 21.545981364299028 21.54598559939358 21.54598983448813 21.54599406958268 21.54599830467723 21.546002539771777 21.546006774866328 21.54601100996088 21.54601524505543 21.54601902286285 46.13891720641581 46.504905563121696 46.87066885304021 50.60715418607567 51.17086995032526 51.73458571457485 51.892395220532705 51.82952638827641 51.76665755602012 51.70378872376383 51.48039550025017 50.78964678153464 45.68180914573603 45.68242388565367 45.68303359291489 15.939998105284456 16.39081789383888 16.845338578844068 17.304234923952766 17.763463739561292 18.222692555169818 18.681921370778344 19.14115018638687 19.600379001995396 20.059607817603922 20.518836633212448 20.978065448820974 21.4372942644295 21.545983679326845 21.54598405469681 21.545984430066774 21.54598480543674 21.545985180806703 21.545985556176667 21.54598593154663 21.545987040068898 21.54598917786546 21.545991315662025 21.54599345345859 21.545995591255153 21.335178776940126 20.88149812544068
21.489282425330686 21.545985824716755 21.545984586723648 21.545983348730537 21.54598211073743 21.545980872744323 21.545979634751212 21.545978396758105 21.545977158764995 21.5459786727056 21.545982907800152 21.545987142894703 21.545991377989253 21.5459956130838 21.54599984817835 21.5460040832729 21.546008318367452 21.546012553462003 21.54601678855655 21.546020402428976 46.106318981148476 46.472715387717635 46.83893934830605 51.003634531830905 51.31541422374287 51.62719391565484 51.938887947526815 52.10227025527259 52.03948842724141 51.97670659921023 51.52230846875178 50.834681581376266 45.68231445874279 45.68292493893758 45.6835346461988 15.40467442475356 15.858439989670664 16.308852103817753 16.76277729686714 17.221160245669132 17.68038906127766 18.139617876886184 18.59884669249471 19.058075508103236 19.517304323711762 19.97653313932029 20.435761954928815 20.89499077053734 21.354219586145867 21.545983867011827 21.54598424238179 21.545984617751756 21.54598499312172 21.545985368491685 21.54598574386165 21.545986119231614 21.54598649460158 21.54598792070396 21.545990058500525 21.54599219629709 21.545994334093653 21.41726094778851
21.54598587982131 21.545984641828202 21.54598340383509 21.545982165841984 21.545980927848877 21.545979689855766 21.54597845186266 21.54597721386955 21.545975981112175 21.545980216206726 21.545984451301276 21.545988686395827 21.545992921490374 21.545997156584924 21.546001391679475 21.546005626774026 21.546009861868573 21.546014096963123 21.54601816888376 45.71221749232365 46.07378418223802 46.44026728472497 46.80649124531338 50.76740353752207 51.07840724052723 51.39018693243919 51.70195191418999 52.01350511225803 52.03699427254832 51.66753376713033 51.30005947485067 50.932315391085204 50.564338817596436 45.68342452942289 45.684034820344394 -9999 -9999 15.776474199649536 16.226886313796626 16.68021601489021 17.138533500508515 17.59731438299402 18.056543198602547 18.515772014211073 18.9750008298196 19.434229645428125 19.89345846103665 20.352687276645177 20.811916092253703 21.27114490786223 21.54598405469681 21.545984430066774 21.54598480543674 21.545985180806703 21.545985556176667 21.54598593154663 21.545986306916596 21.54598668228656 21.545987057656525 21.545988801339025 21.54599093913559 21.545993076932156
21.545984696932756 21.545983458939645 21.545982220946538 21.54598098295343 21.54597974496032 21.545978506967213 21.545977268974102 21.545976030980995 21.5459775246133 21.54598175970785 21.5459859948024 21.545990229896947 21.545994464991498 21.54599870008605 21.5460029351806 21.546007170275146 21.546011405369697 21.54601493480945 21.546020038813076 21.5460205078125 21.5460205078125 46.407816701320506 46.772850201284285 50.53139646155752 50.842157797745124 51.15317994922355 51.464959641135515 51.776569078921206 51.66932733024639 51.300861248900475 50.933408018109404 50.56556701602358 50.1974451602589 49.829323304494224 -9999 -9999 -9999 -9999 15.69450840962841 16.1449205237755 16.59765473291328 17.05597221853159 17.514289704149895 17.973468520318914 18.43269733592744 18.891926151535966 19.351154967144492 19.810383782753018 20.269612598361544 20.72884141397007 21.188070229578596 21.54598424238179 21.545984617751756 21.54598499312172 21.545985368491685 21.54598574386165 21.545986119231614 21.54598649460158 21.545986869971543 21.545987245341507 21.545987620711472 21.545989681974092
21.5459835140442 21.54598227605109 21.545981038057985 21.545979800064874 21.545978562071767 21.54597732407866 21.54597608608555 21.545974848092442 21.545979068114423 21.54598330320897 21.54598753830352 21.54599177339807 21.545996008492622 21.546000243587173 21.54600447868172 21.546008374258708 21.546012933558348 21.546018050670874 21.5460205078125 21.5460205078125 21.54599981024599 21.32418952832119 20.789258765899877 50.293909264422474 50.60615072178057 50.916912057968176 51.22795265791987 51.53963304558438 51.301666960402606 50.93427507378873 50.56675656136814 50.198673358686044 49.83151965671115 49.46752859044958 -9999 -9999 -9999 -9999 -9999 15.612542619607282 16.06295473375437 16.51509345093635 16.97341093655466 17.431728422172966 17.89039384203528 18.349622657643806 18.808851473252332 19.268080288860858 19.727309104469384 20.18653792007791 20.645766735686436 21.104995551294962 21.545984430066774 21.54598480543674 21.545985180806703 21.545985556176667 21.54598593154663 21.545986306916596 21.54598668228656 21.545987057656525 21.54598743302649 21.545987808396454
21.545982331155646 21.54598109316254 21.545979855169428 21.54597861717632 21.545977379183213 21.545976141190103 21.545974903196996 21.545976376520997 21.545980611615544 21.545984846710095 21.545989081804645 21.545993316899196 21.545997551993743 21.546001787088294 21.54600582830362 21.546010945416146 21.54601606252867 21.5460205078125 21.5460205078125 21.54600754420348 21.397622015259138 20.857052946856 20.316483878452864 50.05263238298132 50.36594220262893 50.679252022276536 50.99152981118425 51.30269701224755 50.934525256927174 50.56768889867699 50.199901557113186 49.835845947265625 49.47185488100405 -9999 -9999 -9999 -9999 -9999 -9999 -9999 15.530576829586156 15.980988943733244 16.432532168959426 16.890849654577732 17.34916714019604 17.807484625814347 18.26654797936017 18.725776794968695 19.18500561057722 19.644234426185747 20.103463241794273 20.5626920574028 21.021920873011325 21.48114968861985 21.54598499312172 21.545985368491685 21.54598574386165 21.545986119231614 21.54598649460158 21.545986869971543 21.545987245341507 21.545987620711472
21.545981148267092 21.54597991027398 21.545978672280874 21.545977434287767 21.545976196294657 21.54597495830155 21.545973720308442 21.545977920022118 21.54598215511667 21.54598639021122 21.54599062530577 21.545994860400317 21.545998723048893 21.54600384016142 21.54600895727394 21.546014074386466 21.54601919149899 21.5460205078125 21.54601527816097 21.472628262318434 20.932059193915297 20.39149012551216 19.852977285501776 19.31799347075869 46.60466072934754 46.657797568725165 46.71093440810279 46.76384982445691 46.81227800034985 46.86930951818956 49.8401722378201 49.47618117155852 -9999 -9999 -9999 -9999 -9999 -9999 -9999 -9999 -9999 15.448611039565028 15.899023153712118 16.349970886982497 16.808288372600803 17.266605858219112 17.724923343837418 18.183473301076535 18.64270211668506 19.101930932293588 19.561159747902114 20.02038856351064 20.479617379119166 20.93884619472769 21.398075010336218 21.545985180806703 21.545985556176667 21.54598593154663 21.545986306916596 21.54598668228656 21.545987057656525 21.54598743302649
21.545979965378535 21.545978727385428 21.54597748939232 21.54597625139921 21.545975013406103 21.545973775412996 21.54597522842869 21.545979463523242 21.545983698617793 21.545987933712343 21.545992019082917 21.54599673490669 21.546001852019213 21.54600696913174 21.546012086244264 21.546017203356786 21.5460205078125 21.5460205078125 21.545990366267752 21.00706544097459 20.466496372571456 19.928689533725965 19.39370571898288 18.859771541588636 18.325620907591173 46.03225441866143 46.085391258039046 46.13852809741667 46.186694696585995 46.23309776344761 49.48050746211299 -9999 -9999 -9999 -9999 -9999 -9999 -9999 -9999 -9999 -9999 -9999 -9999 15.81705736369099 16.26746947783808 16.725727090623874 17.184044576242183 17.64236206186049 18.100679547478798 18.559627438401424 19.01885625400995 19.478085069618476 19.937313885227002 20.39654270083553 20.855771516444054 21.31500033205258 21.545985368491685 21.54598574386165 21.545986119231614 21.54598649460158 21.545986869971543 21.545987245341507
21.545978782489982 21.545977544496875 21.545976306503764 21.545975068510657 21.54597383051755 21.54597259252444 21.545976771929816 21.545981007024366 21.545985242118913 21.545989629651963 21.54599474676449 21.54599986387701 21.546004980989537 21.54601009810206 21.546015215214585 21.546020332327107 21.5460205078125 21.54599810022524 21.082071688033885 20.541502619630748 20.004401781950154 19.469709792405087 18.9357872324141 18.401861665600833 17.86767304105752 17.333484416514214 45.45984810797531 45.51298494735293 45.56313650185347 45.609539568715086 -9999 -9999 -9999 -9999 -9999 -9999 -9999 -9999 -9999 -9999 -9999 -9999 -9999 -9999 15.735091573669864 16.185503687816954 16.64316580864695 17.101483294265254 17.559800779883563 18.01811826550187 18.47655276011779 18.935781575726317 19.395010391334843 19.85423920694337 20.313468022551895 20.77269683816042 21.231925653768947 21.545985556176667 21.54598593154663 21.545986306916596 21.54598668228656 21.545987057656525
21.54597759960143 21.545976361608318 21.54597512361521 21.545973885622104 21.545972647628993 21.54597408033639 21.54597831543094 21.545982524397235 21.54598764150976 21.545992758622283 21.54599787573481 21.54600299284733 21.546008109959857 21.54601322707238 21.546018344184905 21.5460205078125 21.54600583418273 21.15707793509318 20.616508866690044 20.080114030174343 19.545725483230548 19.01180292323956 18.477880363248577 17.943913799067186 17.409725174523874 16.875536549980563 16.341347925437255 15.811282151181933 44.93957830712094 -9999 -9999 -9999 -9999 -9999 -9999 -9999 -9999 -9999 -9999 -9999 -9999 -9999 -9999 -9999 -9999 15.653125783648738 16.103537897795828 16.56060452667002 17.018922012288325 17.477239497906634 17.93555698352494 18.39387446914325 18.85270689744268 19.311935713051206 19.77116452865973 20.230393344268258 20.689622159876784 21.14885097548531 21.54598574386165 21.545986119231614 21.54598649460158 21.545986869971543
21.545976416712872 21.545975178719765 21.545973940726658 21.545972702733547 21.54597146474044 21.54597562383751 21.545980536255033 21.545985653367556 21.54599077048008 21.545995887592603 21.54600100470513 21.54600612181765 21.546011238930177 21.5460163560427 21.5460205078125 21.546013568140218 21.232084182152473 20.69151511374934 20.155826278398532 19.621741174056012 19.087818614065025 18.553896054074038 18.019973494083054 17.485965932533535 16.951777307990227 16.417588683446915 15.883400058903606 -9999 -9999 -9999 -9999 -9999 -9999 -9999 -9999 -9999 -9999 -9999 -9999 -9999 -9999 -9999 -9999 -9999 -9999 -9999 15.57115999362761 16.0215721077747 16.47804324469309 16.9363607303114 17.394678215929705 17.852995701548014 18.31131318716632 18.769632219159046 19.228861034767572 19.688089850376098 20.147318665984624 20.60654748159315 21.065776297201676 21.525005112810202 21.545986306916596 21.54598668228656
21.54597523382432 21.54597399583121 21.5459727578381 21.545971519844993 21.545973431000306 21.545978548112828 21.545983665225354 21.545988782337876 21.5459938994504 21.545999016562924 21.54600413367545 21.54600925078797 21.546014367900497 21.54601948501302 21.5460205078125 21.30709042921177 20.766522341365807 20.23167942487246 19.697756864881473 19.16383430489049 18.629911744899502 18.095989184908515 17.56206662491753 17.028018065999888 16.493829441456576 15.959640816913266 -9999 -9999 -9999 -9999 -9999 -9999 -9999 -9999 -9999 -9999 -9999 -9999 -9999 -9999 -9999 -9999 -9999 -9999 -9999 -9999 -9999 15.489194203606484 15.939606317753572 16.39548196271616 16.85379944833447 17.312116933952776 17.770434419571085 18.22875190518939 18.6870693908077 19.145786356483935 19.60501517209246 20.064243987700987 20.523472803309513 20.98270161891804 21.44193043452657 21.54598649460158
21.545974050935765 21.545972812942654 21.545971574949547 21.352284165956306 21.18761468230346 21.545981677083148 21.545986794195674 21.545991911308196 21.54599702842072 21.546002145533244 21.54600726264577 21.54601237975829 21.546017496870817 21.5460205078125 21.382096676271065 20.842234589589996 20.30769511569792 19.773772555706937 19.23984999571595 18.705927435724963 18.17200487573398 17.63808231574299 17.104159755752004 16.570070199466237 16.03588157492293 15.501692950379619 -9999 -9999 -9999 -9999 -9999 -9999 -9999 -9999 -9999 -9999 -9999 -9999 -9999 -9999 -9999 -9999 -9999 -9999 -9999 -9999 -9999 -9999 15.407228413585356 15.857640527732446 16.312920680739232 16.77123816635754 17.229555651975847 17.687873137594156 18.146190623212465 18.60450810883077 19.06282559444908 19.521940493808827 19.981169309417353 20.44039812502588 20.899626940634406 21.35885575624293
21.54597286804721 21.5459716300541 21.430568444402585 20.893678332270714 20.651687747280423 21.11748887062915 21.545989923165994 21.545995040278516 21.546000157391042 21.546005274503564 21.54601039161609 21.546015508728612 21.5460205078125 21.457102923330357 20.91794683781418 20.383710806523386 19.8497882465324 19.315865686541414 18.781943126550427 18.24802056655944 17.714098006568456 17.18017544657747 16.64625288658648 16.11212233293259 15.57793370838928 -9999 -9999 -9999 -9999 -9999 -9999 -9999 -9999 -9999 -9999 -9999 -9999 -9999 -9999 -9999 -9999 -9999 -9999 -9999 -9999 -9999 -9999 -9999 -9999 -9999 15.775674737711318 16.230359398762307 16.688676884380612 17.14699436999892 17.605311855617227 18.063629341235536 18.521946826853842 18.98026431247215 19.438865815525194 19.89809463113372 20.357323446742246 20.816552262350772
21.545971685158655 21.508887135671188 20.971838305262228 20.43507249858512 20.115760812257385 20.58156193560611 21.04736305895484 21.513164182303566 21.546003286361362 21.546008403473884 21.54601352058641 21.546018637698932 21.532109170389653 20.99365908603837 20.45972649734885 19.925803937357863 19.391881377366875 18.85795881737589 18.324036257384904 17.790113697393917 17.256191137402933 16.722268577411946 16.188346017420958 15.65417446639894 -9999 -9999 -9999 -9999 -9999 -9999 -9999 -9999 -9999 -9999 -9999 -9999 -9999 -9999 -9999 -9999 -9999 -9999 -9999 -9999 -9999 -9999 -9999 -9999 -9999 -9999 -9999 15.693708947690192 16.147798116785378 16.606115602403683 17.064433088021993 17.522750573640298 17.981068059258607 18.439385544876913 18.897703030495222 19.356020516113528 19.815019952850083 20.27424876845861
21.54597254797007 21.050046224399946 20.51323247157664 19.976466664899533 19.579833877234346 20.045635000583072 20.5114361239318 20.977237247280527 21.443038370629253 21.546011532444204 21.54601664955673 21.546019592076956 21.069664748165298 20.53574218817431 20.001819628183323 19.46789706819234 18.933974508201352 18.400051948210365 17.86612938821938 17.332206828228394 16.798284268237406 16.264361708246422 15.730415224408603 -9999 -9999 -9999 -9999 -9999 -9999 -9999 -9999 -9999 -9999 -9999 -9999 -9999 -9999 -9999 -9999 -9999 -9999 -9999 -9999 -9999 -9999 -9999 -9999 -9999 -9999 -9999 -9999 -9999 15.611743157669064 16.06523683480845 16.523554320426758 16.981871806045064 17.440189291663373 17.89850677728168 18.356824262899988 18.815141748518293 19.273459234136602 19.73194527456645
21.12836491566855 20.591392444568154 20.054626637891047 19.51786083121394 19.043906942211308 19.509708065560037 19.975509188908763 20.44131031225749 20.907111435606215 21.372912558954944 21.54601977852705 21.14568043899076 20.611757878999775 20.077835319008788 19.5439127590178 19.009990199026817 18.47606763903583 17.942145079044842 17.408222519053858 16.87429995906287 16.340377399071883 15.806399276898732 -9999 -9999 -9999 -9999 -9999 -9999 -9999 -9999 -9999 -9999 -9999 -9999 -9999 -9999 -9999 -9999 -9999 -9999 -9999 -9999 -9999 -9999 -9999 -9999 -9999 -9999 -9999 -9999 -9999 -9999 -9999 15.529777367647938 15.98267555283152 16.44099303844983 16.899310524068134 17.357628009686444 17.81594549530475 18.27426298092306 18.732580466541364 19.190897952159673
20.669552417559668 20.13278661088256 19.596020804205455 19.05925499752835 18.522489190851243 18.973781130537 19.439582253885725 19.90538337723445 20.37118450058318 20.836985623931906 21.22058391764627 20.68665555030605 20.15265589590512 19.61865624150419 19.08465658710326 18.55065693270233 18.016657278301405 17.482657623900476 16.948657969499546 16.414658315098617 15.880658660697689 15.349790352783845 -9999 -9999 -9999 -9999 -9999 -9999 -9999 -9999 -9999 -9999 -9999 -9999 -9999 -9999 -9999 -9999 -9999 -9999 -9999 -9999 -9999 -9999 -9999 -9999 -9999 -9999 -9999 -9999 -9999 -9999 -9999 -9999 15.44781157762681 15.900114270854592 16.3584317564729 16.816749242091205 17.275066727709515 17.733384213327824 18.19170169894613 18.65001918456444
20.210946583874076 19.67418077719697 19.137414970519863 18.600649163842757 18.06388335716565 18.43785419551396 18.903655318862686 19.369456442211412 19.83525756556014 20.300670793997682 20.760692676429436 20.22680209330973 19.692911510190022 19.158915970902218 18.624916316501288 18.09091666210036 17.556917007699433 17.022917353298503 16.488917698897573 15.954918044496646 15.420918390095716 -9999 -9999 -9999 -9999 -9999 -9999 -9999 -9999 -9999 -9999 -9999 -9999 -9999 -9999 -9999 -9999 -9999 -9999 -9999 -9999 -9999 -9999 -9999 -9999 -9999 -9999 -9999 -9999 -9999 -9999 -9999 -9999 -9999 -9999 15.365845787605684 15.817552988877663 16.27587047449597 16.73418796011428 17.192505445732586 17.650822931350895 18.1091404169692
19.752340750188484 19.215574943511378 18.678809136834275 18.14204333015717 17.605277523480062 17.901927260490922 18.367728383839648 18.833529507188377 19.299192016330746 19.763862381843136 20.22853274735553 19.76691085209289 19.233020268973185 18.699129685853478 18.165176045899315 17.63117639149839 17.09717673709746 16.56317708269653 16.0291774282956 15.495177773894673 -9999 -9999 -9999 -9999 -9999 -9999 -9999 -9999 -9999 -9999 -9999 -9999 -9999 -9999 -9999 -9999 -9999 -9999 -9999 -9999 -9999 -9999 -9999 -9999 -9999 -9999 -9999 -9999 -9999 -9999 -9999 -9999 -9999 -9999 -9999 -9999 -9999 15.734991706900736 16.19330919251904 16.65162667813735 17.109944163755657 17.568261649373966
19.293734916502896 18.75696910982579 18.220203303148683 17.683437496471576 17.14667168979447 17.366000325467883 17.83180144881661 18.29760257216534 18.7623836041762 19.227053969688594 19.691724335200984 19.307019610876058 18.77312902775635 18.239238444636644 17.705347861516938 17.171436120896416 16.637436466495487 16.103436812094557 15.569437157693628 -9999 -9999 -9999 -9999 -9999 -9999 -9999 -9999 -9999 -9999 -9999 -9999 -9999 -9999 -9999 -9999 -9999 -9999 -9999 -9999 -9999 -9999 -9999 -9999 -9999 -9999 -9999 -9999 -9999 -9999 -9999 -9999 -9999 -9999 -9999 -9999 -9999 -9999 -9999 15.652430424923807 16.110747910542116 16.569065396160422 17.02738288177873
18.835129082817303 18.298363276140197 17.76159746946309 17.224831662785984 16.688065856108878 16.830073390444845 17.295874513793574 17.760904826509265 18.225575192021658 18.69024555753405 19.154915923046442 18.847128369659224 18.313237786539517 17.77934720341981 17.245456620300104 16.711566037180397 16.17767545406069 15.643696541492584 -9999 -9999 -9999 -9999 -9999 -9999 -9999 -9999 -9999 -9999 -9999 -9999 -9999 -9999 -9999 -9999 -9999 -9999 -9999 -9999 -9999 -9999 -9999 -9999 -9999 -9999 -9999 -9999 -9999 -9999 -9999 -9999 -9999 -9999 -9999 -9999 -9999 -9999 -9999 -9999 -9999 15.570360531689392 16.028186628565187 16.486504114183493
18.37652324913171 17.839757442454605 17.3029916357775 16.766225829100392 16.229460022423286 16.294146455421807 16.75942604884233 17.22409641435472 17.688766779867112 18.153437145379506 18.618107510891896 18.387237128442386 17.85334654532268 17.319455962202973 16.785565379083266 16.25167479596356 15.717784212843855 -9999 -9999 -9999 -9999 -9999 -9999 -9999 -9999 -9999 -9999 -9999 -9999 -9999 -9999 -9999 -9999 -9999 -9999 -9999 -9999 -9999 -9999 -9999 -9999 -9999 -9999 -9999 -9999 -9999 -9999 -9999 -9999 -9999 -9999 -9999 -9999 -9999 -9999 -9999 -9999 -9999 -9999 -9999 15.488394741668266 15.945625346588258
17.91791741544612 17.381151608769017 16.84438580209191 16.307619995414804 15.770854188737696 15.757947271175391 16.222617636687783 16.687288002200177 17.15195836771257 17.61662873322496 18.081299098737354 17.927345887225552 17.393455304105846 16.85956472098614 16.325674137866432 15.791783554746726 -9999 -9999 -9999 -9999 -9999 -9999 -9999 -9999 -9999 -9999 -9999 -9999 -9999 -9999 -9999 -9999 -9999 -9999 -9999 -9999 -9999 -9999 -9999 -9999 -9999 -9999 -9999 -9999 -9999 -9999 -9999 -9999 -9999 -9999 -9999 -9999 -9999 -9999 -9999 -9999 -9999 -9999 -9999 -9999 -9999 15.406428951647138
17.45931158176053 16.922545775083425 16.385779968406318 15.849014161729212 -9999 -9999 15.685809224533239 16.15047959004563 16.615149955558024 17.079820321070418 17.544490686582808 17.46745464600872 16.933564062889012 16.399673479769305 15.865782896649598 -9999 -9999 -9999 -9999 -9999 -9999 -9999 -9999 -9999 -9999 -9999 -9999 -9999 -9999 -9999 -9999 -9999 -9999 -9999 -9999 -9999 -9999 -9999 -9999 -9999 -9999 -9999 -9999 -9999 -9999 -9999 -9999 -9999 -9999 -9999 -9999 -9999 -9999 -9999 -9999 -9999 -9999 -9999 -9999 -9999 -9999 -9999
17.00070574807494 16.463939941397832 15.927174134720726 15.39040832804362 -9999 -9999 -9999 15.613671177891089 16.078341543403482 16.543011908915872 17.007682274428266 17.00756340479188 16.473672821672174 15.93978223855247 15.409200681528084 -9999 -9999 -9999 -9999 -9999 -9999 -9999 -9999 -9999 -9999 -9999 -9999 -9999 -9999 -9999 -9999 -9999 -9999 -9999 -9999 -9999 -9999 -9999 -9999 -9999 -9999 -9999 -9999 -9999 -9999 -9999 -9999 -9999 -9999 -9999 -9999 -9999 -9999 -9999 -9999 -9999 -9999 -9999 -9999 -9999 -9999 -9999
