output/bk.asc
NCOLS 329
NROWS 487
XLLCORNER 0.4296875
YLLCORNER 0.03125
CELLSIZE  0.5
NODATA_VALUE -9999
[rows 108 to 134 of 487, columns 248 to 309 of 329]
16.165158043723938 16.62383039399577 17.0825027442676 17.541175094539433 17.999847444811266 18.4585197950831 18.91719214535493 19.375864495626764 19.834536845898594 20.293209196170427 20.75188154644226 21.210553896714092 21.50619194293599 21.506197249847908 21.506202556759828 21.506207863671747 21.506213170583667 21.506218477495587 21.506223784407506 21.506229091319426 21.506234398231346 21.506239705143265 21.50623946245595 21.506237702194394 21.506235941932832 21.506234181671275 21.359063341028744 20.902677011355216 20.44629068168169 19.98990435200816 19.533518022334633 19.077131692661105 18.620745362987577 18.16435903331405 17.70788653201999 17.251074248319764 16.79426196461954 16.337449680919317 15.88063739721909 -9999 -9999 -9999 -9999 -9999 -9999 -9999 -9999 -9999 -9999 -9999 -9999 -9999 -9999 -9999 -9999 -9999 -9999 -9999 -9999 -9999 -9999 -9999
15.633188461617522 16.083436616113286 16.54210896638512 17.00078131665695 17.459453666928784 17.918126017200617 18.37679836747245 18.835470717744283 19.294143068016112 19.752815418287945 20.211487768559778 20.67016011883161 21.128832469103443 21.50619257221408 21.506197879126 21.50620318603792 21.50620849294984 21.506213799861758 21.50621910677368 21.5062244136856 21.50622972059752 21.50623502750944 21.50624033442136 21.506239253729284 21.506237493467726 21.506235733206164 21.506233972944607 21.43905349404416 20.982667164370632 20.526280834697104 20.069894505023576 19.61350817535005 19.15712184567652 18.700735516002993 18.244349186329465 17.787815033794697 17.331002750094473 16.87419046639425 16.417378182694023 15.9605658989938 15.503753615293576 -9999 -9999 -9999 -9999 -9999 -9999 -9999 -9999 -9999 -9999 -9999 -9999 -9999 -9999 -9999 -9999 -9999 -9999 -9999 -9999 -9999
-9999 15.552676091878324 16.006323090436236 16.46038753877447 16.919059889046302 17.377732239318135 17.836404589589968 18.295076939861797 18.75374929013363 19.212421640405463 19.671093990677296 20.12976634094913 20.58843869122096 21.047111041492794 21.505783391764624 21.506198508404093 21.506203815316013 21.506209122227933 21.506214429139852 21.506219736051772 21.506225042963692 21.50623034987561 21.50623565678753 21.506240805264177 21.506239045002616 21.506237284741058 21.5062355244795 21.50623376421794 21.50623200395638 21.062657317386048 20.60627098771252 20.149884658038992 19.693498328365465 19.237111998691937 18.78072566901841 18.32433933934488 17.867743535569407 17.410931251869183 16.95411896816896 16.497306684468732 16.04049440076851 15.583682117068284 -9999 -9999 -9999 -9999 -9999 -9999 -9999 -9999 -9999 -9999 -9999 -9999 -9999 -9999 -9999 -9999 -9999 -9999 -9999 -9999
-9999 -9999 15.471572953017013 15.928704491689729 16.37945771925495 16.837338461435653 17.296010811707486 17.754683161979315 18.213355512251148 18.67202786252298 19.130700212794814 19.589372563066647 20.04804491333848 20.50671726361031 20.96538961388214 21.424061964153974 21.506199137682188 21.506204444594108 21.506209751506027 21.506215058417947 21.506220365329867 21.506225672241786 21.506230979153706 21.506236286065626 21.50624059653751 21.50623883627595 21.50623707601439 21.506235315752832 21.50623355549127 21.506231795229713 21.142647470401464 20.686261140727936 20.229874811054408 19.77348848138088 19.317102151707353 18.86071582203382 18.404329492360294 17.947672037344116 17.490859753643893 17.034047469943665 16.577235186243442 16.12042290254322 15.663610618842993 -9999 -9999 -9999 -9999 -9999 -9999 -9999 -9999 -9999 -9999 -9999 -9999 -9999 -9999 -9999 -9999 -9999 -9999 -9999
-9999 -9999 -9999 15.390469814155702 15.847601352828416 16.302539000420627 16.755617033825 17.214289384096833 17.672961734368666 18.1316340846405 18.590306434912332 19.048978785184165 19.507651135455998 19.966323485727827 20.42499583599966 20.883668186271493 21.342340536543325 21.50619976696028 21.5062050738722 21.50621038078412 21.506215687696038 21.506220994607958 21.506226301519877 21.5062316084318 21.50623691534372 21.50624038781084 21.506238627549283 21.506236867287722 21.506235107026164 21.506233346764603 21.506231586503045 21.222637623416876 20.76625129374335 20.30986496406982 19.853478634396293 19.397092304722765 18.940705975049237 18.48431964537571 18.027600539118826 17.570788255418602 17.113975971718375 16.65716368801815 16.200351404317928 15.743539120617703 -9999 -9999 -9999 -9999 -9999 -9999 -9999 -9999 -9999 -9999 -9999 -9999 -9999 -9999 -9999 -9999 -9999 -9999
-9999 -9999 -9999 -9999 -9999 15.766498213967106 16.22362975263982 16.67567362923934 17.132567956486184 17.591240306758017 18.04991265702985 18.508585007301683 18.967257357573512 19.425929707845345 19.884602058117178 20.34327440838901 20.801946758660844 21.260619108932676 21.506200396238373 21.506205703150293 21.506211010062213 21.506216316974132 21.506221623886052 21.506226930797972 21.50623223770989 21.50623754462181 21.506240179084177 21.506238418822615 21.506236658561058 21.506234898299496 21.50623313803794 21.506231377776377 21.302627776432292 20.846241446758764 20.389855117085236 19.93346878741171 19.47708245773818 19.020696128064653 18.564309798391125 18.107529040893535 17.650716757193308 17.193904473493085 16.73709218979286 16.280279906092634 15.82346762239241 -9999 -9999 -9999 -9999 -9999 -9999 -9999 -9999 -9999 -9999 -9999 -9999 -9999 -9999 -9999 -9999 -9999
-9999 -9999 -9999 -9999 -9999 -9999 15.685395075105795 16.14252661377851 16.598754910405017 17.050846528875535 17.509518879147368 17.9681912294192 18.42686357969103 18.885535929962863 19.344208280234696 19.80288063050653 20.26155298077836 20.720225331050194 21.178897681322024 21.506201025516468 21.506206332428388 21.506211639340307 21.506216946252227 21.506222253164147 21.506227560076066 21.506232866987986 21.506238173899906 21.50623997035751 21.506238210095947 21.50623644983439 21.50623468957283 21.50623292931127 21.50623116904971 21.382617929447708 20.92623159977418 20.469845270100652 20.013458940427125 19.557072610753597 19.10068628108007 18.64426982636847 18.187457542668245 17.730645258968018 17.273832975267794 16.81702069156757 16.360208407867344 15.90339612416712 -9999 -9999 -9999 -9999 -9999 -9999 -9999 -9999 -9999 -9999 -9999 -9999 -9999 -9999 -9999 -9999
-9999 -9999 -9999 -9999 -9999 -9999 -9999 15.604291936244483 16.0614234749172 16.518555013589914 16.97188953922373 17.427797451536716 17.88646980180855 18.34514215208038 18.803814502352214 19.262486852624047 19.72115920289588 20.179831553167713 20.638503903439542 21.097176253711375 21.50620165479456 21.50620696170648 21.5062122686184 21.506217575530318 21.506222882442238 21.506228189354157 21.506233496266077 21.506238803177997 21.50623976163084 21.506238001369283 21.50623624110772 21.506234480846164 21.506232720584602 21.506230960323045 21.462608082463124 21.006221752789596 20.54983542311607 20.09344909344254 19.637062763769013 19.180676434095485 18.724198328143178 18.267386044442954 17.810573760742727 17.353761477042504 16.89694919334228 16.440136909642053 15.98332462594183 15.526512342241604 -9999 -9999 -9999 -9999 -9999 -9999 -9999 -9999 -9999 -9999 -9999 -9999 -9999 -9999
-9999 -9999 -9999 -9999 -9999 -9999 -9999 -9999 15.523188797383172 15.980320336055888 16.437451874728602 16.894583413401318 17.346076023926067 17.8047483741979 18.263420724469732 18.722093074741565 19.180765425013398 19.639437775285227 20.09811012555706 20.556782475828893 21.015454826100726 21.47412717637256 21.506207590984573 21.506212897896493 21.506218204808413 21.506223511720332 21.506228818632252 21.50623412554417 21.50623943245609 21.506239552904173 21.506237792642615 21.506236032381054 21.506234272119496 21.506232511857934 21.506230751596377 21.506228991334815 21.086211905805012 20.629825576131484 20.173439246457953 19.717052916784425 19.260666587110897 18.804126829917887 18.34731454621766 17.890502262517437 17.433689978817213 16.976877695116986 16.520065411416763 16.06325312771654 15.606440844016314 -9999 -9999 -9999 -9999 -9999 -9999 -9999 -9999 -9999 -9999 -9999 -9999 -9999
-9999 -9999 -9999 -9999 -9999 -9999 -9999 -9999 -9999 15.44208565852186 15.899217197194575 16.35634873586729 16.813480274540005 17.268105449208125 17.72302694658725 18.181699296859083 18.640371647130916 19.099043997402745 19.557716347674578 20.01638869794641 20.475061048218244 20.933733398490077 21.39240574876191 21.506208220262668 21.506213527174587 21.506218834086507 21.506224140998427 21.506229447910346 21.506234754822266 21.506240061734186 21.50623934417751 21.506237583915947 21.50623582365439 21.506234063392828 21.50623230313127 21.50623054286971 21.50622878260815 21.166202058820424 20.709815729146897 20.25342939947337 19.79704306979984 19.340656740126313 18.884055331692597 18.42724304799237 17.970430764292146 17.513618480591923 17.056806196891696 16.599993913191472 16.14318162949125 15.686369345791022 -9999 -9999 -9999 -9999 -9999 -9999 -9999 -9999 -9999 -9999 -9999 -9999
-9999 -9999 -9999 -9999 -9999 -9999 -9999 -9999 -9999 -9999 15.36098251966055 15.818114058333265 16.27524559700598 16.732377135678696 17.189508674351412 17.6413055189766 18.09997786924843 18.558650219520263 19.017322569792096 19.47599492006393 19.934667270335762 20.393339620607595 20.852011970879428 21.310684321151257 21.50620884954076 21.50621415645268 21.506219463364598 21.506224770276518 21.506230077188437 21.506235384100357 21.506240691012277 21.50623913545084 21.50623737518928 21.50623561492772 21.50623385466616 21.506232094404602 21.50623033414304 21.506228573881483 21.24619221183584 20.789805882162312 20.333419552488785 19.877033222815257 19.42064689314173 18.963983833467303 18.50717154976708 18.050359266066856 17.59354698236663 17.136734698666405 16.67992241496618 16.223110131265955 15.766297847565731 -9999 -9999 -9999 -9999 -9999 -9999 -9999 -9999 -9999 -9999 -9999
-9999 -9999 -9999 -9999 -9999 -9999 -9999 -9999 -9999 -9999 -9999 -9999 15.737010919471953 16.19414245814467 16.651273996817384 17.1084055354901 17.564321359192515 18.01825644163778 18.476928791909614 18.935601142181447 19.39427349245328 19.852945842725113 20.311618192996942 20.770290543268775 21.228962893540608 21.506209478818853 21.506214785730773 21.506220092642693 21.506225399554612 21.506230706466532 21.50623601337845 21.50624068698573 21.506238926724173 21.506237166462615 21.506235406201053 21.506233645939496 21.506231885677934 21.506230125416376 21.506228365154815 21.326182364851256 20.86979603517773 20.4134097055042 19.957023375830673 19.500637046157145 19.043912335242013 18.58710005154179 18.130287767841565 17.67347548414134 17.216663200441115 16.75985091674089 16.303038633040664 15.84622634934044 -9999 -9999 -9999 -9999 -9999 -9999 -9999 -9999 -9999 -9999
-9999 -9999 -9999 -9999 -9999 -9999 -9999 -9999 -9999 -9999 -9999 -9999 -9999 15.655907780610642 16.113039319283356 16.57017085795607 17.027302396628787 17.484433935301503 17.93745598801123 18.395207364298965 18.853879714570798 19.31255206484263 19.77122441511446 20.229896765386293 20.688569115658126 21.14724146592996 21.506210108096944 21.506215415008867 21.506220721920787 21.506226028832707 21.506231335744626 21.506236642656546 21.506240478259066 21.506238717997505 21.506236957735947 21.506235197474386 21.506233437212828 21.506231676951266 21.50622991668971 21.506228156428147 21.406172517866672 20.949786188193144 20.493399858519616 20.03701352884609 19.58062719917256 19.123840837016722 18.6670285533165 18.21021626961627 17.753403985916048 17.296591702215824 16.839779418515597 16.382967134815374 15.926154851115149 15.469342567414925 -9999 -9999 -9999 -9999 -9999 -9999 -9999 -9999
-9999 -9999 -9999 -9999 -9999 -9999 -9999 -9999 -9999 -9999 -9999 -9999 -9999 -9999 15.57480464174933 16.031936180422047 16.48906771909476 16.946199257767475 17.40333079644019 17.860462335112906 18.313485936688316 18.772158286960146 19.23083063723198 19.68950298750381 20.148175337775644 20.606847688047477 21.06552003831931 21.50621073737504 21.50621604428696 21.506221351198878 21.506226658110798 21.506231965022717 21.506237271934637 21.506240269532398 21.506238509270837 21.50623674900928 21.506234988747718 21.50623322848616 21.506231468224602 21.50622970796304 21.506227947701483 21.486162670882084 21.029776341208557 20.57339001153503 20.1170036818615 19.660581622491655 19.20376933879143 18.746957055091208 18.29014477139098 17.833332487690758 17.376520203990534 16.919707920290307 16.462895636590083 16.00608335288986 15.549271069189633 -9999 -9999 -9999 -9999 -9999 -9999 -9999
-9999 -9999 -9999 -9999 -9999 -9999 -9999 -9999 -9999 -9999 -9999 -9999 -9999 -9999 -9999 15.493701502888019 15.950833041560735 16.40796458023345 16.865096118906166 17.322227657578882 17.779359196251598 18.23367189799562 18.690436859349497 19.14910920962133 19.607781559893162 20.066453910164995 20.525126260436828 20.983798610708657 21.44247096098049 21.506216673565053 21.506221980476973 21.506227287388892 21.506232594300812 21.50623790121273 21.50624006080573 21.506238300544172 21.50623654028261 21.506234780021053 21.50623301975949 21.506231259497934 21.506229499236373 21.506227738974815 21.506225978713253 21.109766494223972 20.653380164550445 20.196993834876917 19.740510124266365 19.28369784056614 18.826885556865914 18.37007327316569 17.913260989465467 17.45644870576524 16.999636422065016 16.542824138364793 16.086011854664566 15.629199570964342 -9999 -9999 -9999 -9999 -9999 -9999
-9999 -9999 -9999 -9999 -9999 -9999 -9999 -9999 -9999 -9999 -9999 -9999 -9999 -9999 -9999 -9999 15.412598364026707 15.869729902699422 16.326861441372138 16.783992980044854 17.24112451871757 17.698256057390285 18.155387596063 18.608715431738847 19.06738778201068 19.526060132282513 19.984732482554346 20.443404832826175 20.902077183098008 21.36074953336984 21.506217302843144 21.506222609755064 21.506227916666987 21.506233223578906 21.506238530490826 21.506239852079062 21.506238091817504 21.506236331555943 21.506234571294385 21.506232811032824 21.506231050771266 21.506229290509708 21.506227530248147 21.50622576998659 21.18975664723939 20.73337031756586 20.276983987892333 19.820438626041074 19.36362634234085 18.906814058640624 18.4500017749404 17.993189491240177 17.53637720753995 17.079564923839726 16.622752640139502 16.165940356439275 15.709128072739052 -9999 -9999 -9999 -9999 -9999
-9999 -9999 -9999 -9999 -9999 -9999 -9999 -9999 -9999 -9999 -9999 -9999 -9999 -9999 -9999 -9999 -9999 15.331495225165396 15.788626763838112 16.245758302510826 16.70288984118354 17.160021379856257 17.617152918528973 18.07428445720169 18.52988780798001 18.98566635440003 19.44433870467186 19.903011054943693 20.361683405215526 20.82035575548736 21.279028105759192 21.50621793212124 21.506223239033158 21.506228545945078 21.506233852856997 21.506239159768917 21.506239643352398 21.506237883090837 21.50623612282928 21.506234362567717 21.50623260230616 21.506230842044598 21.50622908178304 21.50622732152148 21.50622556125992 21.269746800254804 20.813360470581276 20.35697414090775 19.900367127815784 19.443554844115557 18.986742560415333 18.52993027671511 18.073117993014883 17.61630570931466 17.159493425614436 16.70268114191421 16.245868858213985 15.790049947798252 15.339053526791659 -9999 -9999 -9999
-9999 -9999 -9999 -9999 -9999 -9999 -9999 -9999 -9999 -9999 -9999 -9999 -9999 -9999 -9999 -9999 -9999 -9999 -9999 15.7075236249768 16.164655163649517 16.621786702322233 17.078918240994945 17.53604977966766 17.993181318340376 18.450312857013092 18.90394492678938 19.36261727706121 19.821289627333044 20.279961977604877 20.73863432787671 21.197306678148543 21.506218561399333 21.506223868311253 21.506229175223172 21.506234482135092 21.50623978904701 21.50623943462573 21.50623767436417 21.50623591410261 21.50623415384105 21.50623239357949 21.50623063331793 21.506228873056372 21.50622711279481 21.506225352533253 21.34973695327022 20.893350623596692 20.436964293923165 19.980295629590493 19.523483345890266 19.066671062190043 18.60985877848982 18.153046494789592 17.69623421108937 17.239421927389145 16.782609643688918 16.32715877551924 15.873309004713189 -9999 -9999 -9999
-9999 -9999 -9999 -9999 -9999 -9999 -9999 -9999 -9999 -9999 -9999 -9999 -9999 -9999 -9999 -9999 -9999 -9999 -9999 -9999 15.626420486115489 16.083552024788204 16.54068356346092 16.997815102133636 17.45494664080635 17.912078179479067 18.36920971815178 18.8261037179644 19.280895849450562 19.739568199722395 20.198240549994228 20.65691290026606 21.11558525053789 21.506219190677424 21.506224497589344 21.506229804501263 21.506235111413186 21.506240418325106 21.506239225899062 21.506237465637504 21.506235705375943 21.506233945114385 21.506232184852824 21.506230424591266 21.506228664329704 21.506226904068146 21.506225143806585 21.429727106285632 20.973340776612105 20.516954446938577 20.0602241313652 19.603411847664976 19.146599563964752 18.689787280264525 18.2329749965643 17.77616271286408 17.31935042916385 16.86426760324023 16.41041122040649 15.953849316061534 15.49728741171658 -9999
-9999 -9999 -9999 -9999 -9999 -9999 -9999 -9999 -9999 -9999 -9999 -9999 -9999 -9999 -9999 -9999 -9999 -9999 -9999 -9999 -9999 15.545317347254176 16.002448885926892 16.459580424599608 16.916711963272324 17.37384350194504 17.830975040617755 18.28810657929047 18.745238117963186 19.199238346783115 19.657846772111746 20.116519122383576 20.57519147265541 21.03386382292724 21.492536173199074 21.506225126867438 21.506230433779358 21.506235740691277 21.506240777433955 21.506239017172394 21.506237256910836 21.506235496649275 21.506233736387717 21.506231976126156 21.506230215864598 21.506228455603036 21.50622669534148 21.506224935079917 21.50622317481836 21.05333092962752 20.596944599953993 20.14015263313991 19.683340349439685 19.226528065739462 18.769715782039235 18.31290349833901 17.856091214638788 17.401376430961218 16.946601577372284 16.49003967302733 16.033477768682374 15.576915864337419
-9999 -9999 -9999 -9999 -9999 -9999 -9999 -9999 -9999 -9999 -9999 -9999 -9999 -9999 -9999 -9999 -9999 -9999 -9999 -9999 -9999 -9999 15.464214208392866 15.921345747065581 16.378477285738295 16.83560882441101 17.292740363083727 17.749871901756443 18.20700344042916 18.664134979101874 19.12126651777459 19.576125344501094 20.034797694772926 20.49347004504476 20.952142395316592 21.410814745588425 21.506225756145533 21.506231063057452 21.506236369969372 21.506240568707288 21.50623880844573 21.50623704818417 21.50623528792261 21.50623352766105 21.50623176739949 21.50623000713793 21.506228246876372 21.50622648661481 21.506224726353253 21.50622296609169 21.133321082642937 20.676893418614846 20.22008113491462 19.763268851214395 19.30645656751417 18.849644283813944 18.39283200011372 17.938485258682206 17.482791934338078 17.026230029993123 16.569668125648167 16.113106221303212
-9999 -9999 -9999 -9999 -9999 -9999 -9999 -9999 -9999 -9999 -9999 -9999 -9999 -9999 -9999 -9999 -9999 -9999 -9999 -9999 -9999 -9999 -9999 15.383111069531555 15.840242608204269 16.297374146876987 16.754505685549702 17.211637224222414 17.66876876289513 18.125900301567846 18.58303184024056 19.040163378913277 19.495454256767506 19.953076267162277 20.41174861743411 20.870420967705943 21.329093317977776 21.506226385423624 21.506231692335543 21.506236999247463 21.50624035998062 21.50623859971906 21.5062368394575 21.506235079195942 21.50623331893438 21.506231558672823 21.506229798411262 21.506228038149704 21.506226277888143 21.506224517626585 21.506222757365023 21.213311235658352 20.75682192038955 20.300009636689328 19.843197352989105 19.386385069288878 18.929572785588654 18.475544195648823 18.01898229130387 17.562420386958916 17.10585848261396 16.649296578269006
-9999 -9999 -9999 -9999 -9999 -9999 -9999 -9999 -9999 -9999 -9999 -9999 -9999 -9999 -9999 -9999 -9999 -9999 -9999 -9999 -9999 -9999 -9999 -9999 -9999 15.759139469342959 16.216271008015674 16.67340254668839 17.130534085361106 17.58766562403382 18.044797162706537 18.501928701379253 18.959060240051965 19.41619177872468 19.87135483955163 20.33002718982346 20.78869954009529 21.247371890367123 21.506227014701718 21.506232321613638 21.506237628525557 21.50624015125395 21.506238390992394 21.506236630730836 21.506234870469275 21.506233110207717 21.506231349946155 21.506229589684597 21.506227829423036 21.506226069161478 21.506224308899917 21.50622254863836 21.293301388673765 20.83675042216426 20.379938138464038 19.923125854763814 19.46655268493024 19.011734552614616 18.555172648269664 18.09861074392471 17.642048839579754 17.1854869352348
-9999 -9999 -9999 -9999 -9999 -9999 -9999 -9999 -9999 -9999 -9999 -9999 -9999 -9999 -9999 -9999 -9999 -9999 -9999 -9999 -9999 -9999 -9999 -9999 -9999 -9999 15.678036330481646 16.135167869154362 16.592299407827078 17.049430946499793 17.50656248517251 17.963694023845225 18.42082556251794 18.877957101190656 19.335088639863372 19.7916701667519 20.24830576221281 20.70697811248464 21.165650462756474 21.506227643979813 21.506232950891732 21.506238257803652 21.506239942527287 21.506238182265726 21.506236422004168 21.506234661742607 21.50623290148105 21.506231141219487 21.50622938095793 21.506227620696368 21.50622586043481 21.50622410017325 21.50622233991169 21.37329154168918 20.91667892393897 20.459866640238747 20.003661512651227 19.54792490958041 19.091363005235458 18.634801100890503 18.178239196545547 17.721677292200592
-9999 -9999 -9999 -9999 -9999 -9999 -9999 -9999 -9999 -9999 -9999 -9999 -9999 -9999 -9999 -9999 -9999 -9999 -9999 -9999 -9999 -9999 -9999 -9999 -9999 -9999 -9999 15.596933191620336 16.05406473029305 16.511196268965765 16.96832780763848 17.425459346311197 17.882590884983912 18.339722423656628 18.796853962329344 19.25398550100206 19.711117039674775 20.16658433460216 20.625256684873992 21.083929035145825 21.506228273257904 21.506233580169823 21.506238887081743 21.50623973380062 21.506237973539058 21.5062362132775 21.50623445301594 21.50623269275438 21.506230932492823 21.50622917223126 21.506227411969704 21.506225651708142 21.506223891446584 21.506222131185023 21.453281694704597 20.99660742571368 20.540677170891158 20.084115266546203 19.62755336220125 19.170991457856296 18.71442955351134 18.257867649166386
-9999 -9999 -9999 -9999 -9999 -9999 -9999 -9999 -9999 -9999 -9999 -9999 -9999 -9999 -9999 -9999 -9999 -9999 -9999 -9999 -9999 -9999 -9999 -9999 -9999 -9999 -9999 -9999 15.515830052759025 15.972961591431739 16.430093130104456 16.887224668777172 17.344356207449884 17.8014877461226 18.258619284795316 18.71575082346803 19.172882362140747 19.630013900813463 20.08714543948618 20.543535257263343 21.002207607535176 21.460879957807006 21.506234209447918 21.506239516359837 21.50623952507395 21.506237764812393 21.506236004550832 21.506234244289274 21.506232484027713 21.506230723766155 21.506228963504594 21.506227203243036 21.506225442981474 21.506223682719916 21.506221922458355 21.506220162196797 21.07686752785695 20.620305623511996 20.166283483177082 19.712296671862397 19.252996721297308 18.713999681976098
-9999 -9999 -9999 -9999 -9999 -9999 -9999 -9999 -9999 -9999 -9999 -9999 -9999 -9999 -9999 -9999 -9999 -9999 -9999 -9999 -9999 -9999 -9999 -9999 -9999 -9999 -9999 -9999 -9999 15.434726913897713 15.891858452570428 16.348989991243144 16.80612152991586 17.263253068588575 17.72038460726129 18.177516145934007 18.634647684606723 19.091779223279435 19.54891076195215 20.006042300624866 20.461813829652694 20.920486179924524 21.379158530196356 21.506234838726012 21.506240145637932 21.506239316347283 21.506237556085726 21.506235795824164 21.506234035562606 21.506232275301045 21.506230515039487 21.506228754777926 21.506226994516368 21.50622523425481 21.50622347399325 21.488612492966958 20.949615453645745 20.410618414324535 19.871621375003325 19.332624335682116 18.793627296360906 18.254630257039697
