output/bk.asc
NCOLS 329
NROWS 487
XLLCORNER 0.4296875
YLLCORNER 0.03125
CELLSIZE  0.5
NODATA_VALUE -9999
[rows 108 to 134 of 487, columns 186 to 247 of 329]
-9999 -9999 -9999 -9999 -9999 -9999 -9999 -9999 -9999 -9999 -9999 -9999 -9999 -9999 -9999 -9999 -9999 -9999 -9999 -9999 -9999 -9999 -9999 -9999 -9999 -9999 -9999 -9999 15.736592545479953 16.273903627579354 16.811214709678755 17.348525791778155 17.87645034790039 18.413197302054193 18.951470298365493 19.491493236073225 20.025904231329758 20.560315226586287 21.094726221842816 21.506238372265905 21.506238788743946 21.506239205221988 21.50623962170003 21.50624003817807 21.506240454656112 21.506240844726563 21.506240844726563 21.506240844726563 21.506240844726563 21.0418963002215 20.50173945816035 19.9615826160992 19.42142577403805 18.8812689319769 18.34111208991575 17.8009552478546 17.26079840579345 16.7206415637323 16.18048472167115 14.045069694519043 -9999 15.710107180451846
-9999 -9999 -9999 -9999 -9999 -9999 -9999 -9999 -9999 -9999 -9999 -9999 -9999 -9999 -9999 -9999 -9999 -9999 -9999 -9999 -9999 -9999 -9999 -9999 -9999 -9999 -9999 15.657812415043553 16.19512349714295 16.73243457924235 17.26974566134175 17.79795469855005 18.33445018902704 18.87272318533834 19.413829603255465 19.948240598511994 20.482651593768527 21.017062589025056 21.50623841301583 21.50623882949387 21.506239245971912 21.506239662449953 21.506240078927995 21.506240495406036 21.506240844726563 21.506240844726563 21.506240844726563 21.506240844726563 21.123031869173456 20.58287502711231 20.042718185051157 19.502561342990006 18.96240450092886 18.422247658867708 17.882090816806556 17.34193397474541 16.801777132684258 16.261620290623107 15.72121717326958 -9999 -9999 -9999
-9999 -9999 -9999 -9999 -9999 -9999 -9999 -9999 -9999 -9999 -9999 -9999 -9999 -9999 -9999 -9999 -9999 -9999 -9999 -9999 -9999 -9999 -9999 -9999 -9999 -9999 15.579032284607154 16.116343366706552 16.653654448805952 17.190965530905352 17.72607656410942 18.25570307599989 18.79397607231119 19.336165970437705 19.870576965694234 20.404987960950763 20.93939895620729 21.473809951463824 21.506238870243795 21.506239286721836 21.506239703199878 21.50624011967792 21.50624053615596 21.506240844726563 21.506240844726563 21.506240844726563 21.506240844726563 21.204167438125413 20.664010596064266 20.123853754003115 19.583696911941963 19.043540069880816 18.503383227819665 17.963226385758514 17.423069543697366 16.882912701636215 16.342755859575064 15.802307123770152 -9999 -9999 -9999 -9999
-9999 -9999 -9999 -9999 -9999 -9999 -9999 -9999 -9999 -9999 -9999 -9999 -9999 -9999 -9999 -9999 -9999 -9999 -9999 -9999 -9999 -9999 -9999 -9999 -9999 15.500252154170752 16.037563236270152 16.574874318369552 17.112185400468952 17.649496482568352 18.178759877928563 18.715228959284037 19.253501955595336 19.792913332876473 20.327324328133002 20.86173532338953 21.39614631864606 21.50623891099372 21.50623932747176 21.506239743949802 21.506240160427843 21.506240576905885 21.506240844726563 21.506240844726563 21.506240844726563 21.506240844726563 21.285303007077374 20.745146165016223 20.204989322955072 19.66483248089392 19.124675638832773 18.584518796771622 18.04436195471047 17.504205112649323 16.964048270588172 16.42389142852702 15.883397074270727 -9999 -9999 -9999 -9999 -9999
-9999 -9999 -9999 -9999 -9999 -9999 -9999 -9999 -9999 -9999 -9999 -9999 -9999 -9999 -9999 -9999 -9999 -9999 -9999 -9999 -9999 -9999 -9999 -9999 15.421472023734353 15.958783105833753 16.496094187933153 17.033405270032553 17.570716352131953 18.103336407887692 18.636481846256885 19.174754842568184 19.71524970005871 20.249660695315242 20.78407169057177 21.3184826858283 21.506238951743644 21.506239368221685 21.506239784699726 21.506240201177768 21.50624061765581 21.506240844726563 21.506240844726563 21.506240844726563 21.506240844726563 21.36643857602933 20.82628173396818 20.28612489190703 19.74596804984588 19.20581120778473 18.66565436572358 18.12549752366243 17.58534068160128 17.04518383954013 16.50502699747898 15.9644870247713 14.045069694519043 -9999 -9999 -9999 -9999 -9999
-9999 -9999 -9999 -9999 -9999 -9999 -9999 -9999 -9999 -9999 -9999 -9999 -9999 -9999 -9999 -9999 -9999 -9999 -9999 -9999 -9999 -9999 -9999 -9999 15.880002975397353 16.417314057496753 16.954625139596153 17.491936221695553 18.029247303794953 18.559565057307076 19.096007729541032 19.63758606724095 20.17199706249748 20.706408057754008 21.24081905301054 21.506238992493568 21.50623940897161 21.50623982544965 21.506240241927692 21.506240658405734 21.506240844726563 21.506240844726563 21.506240844726563 21.506240844726563 21.44757414498129 20.907417302920138 20.367260460858986 19.82710361879784 19.286946776736688 18.746789934675537 18.20663309261439 17.666476250553238 17.126319408492087 16.586162566430936 16.045576975271874 14.045069694519043 -9999 -9999 -9999 -9999 -9999 -9999
-9999 -9999 -9999 -9999 -9999 -9999 -9999 -9999 -9999 -9999 -9999 -9999 -9999 -9999 -9999 -9999 -9999 -9999 -9999 -9999 -9999 -9999 -9999 15.801222844960952 16.338533927060354 16.875845009159754 17.413156091259154 17.950467173358554 18.480596251665965 19.01726061651388 19.55553361282518 20.09433342967972 20.628744424936247 21.163155420192776 21.506239033243492 21.506239449721534 21.506239866199575 21.506240282677616 21.506240699155658 21.506240844726563 21.506240844726563 21.506240844726563 21.506240844726563 21.528709713933246 20.988552871872095 20.448396029810944 19.908239187749796 19.368082345688645 18.827925503627494 18.287768661566346 17.747611819505195 17.207454977444044 16.667298135382897 16.126666925772447 14.045069694519043 -9999 -9999 -9999 -9999 -9999 -9999 -9999
-9999 -9999 -9999 -9999 -9999 -9999 -9999 -9999 -9999 -9999 -9999 -9999 -9999 -9999 -9999 -9999 -9999 -9999 -9999 -9999 -9999 -9999 15.721672426463325 16.25975379662395 16.79706487872335 17.33437596082275 17.87168704292215 18.40899812502155 18.93899103510114 19.476786499798028 20.016669796861958 20.551080792118487 21.085491787375016 21.506239073993417 21.506239490471458 21.5062399069495 21.50624032342754 21.506240739905582 21.506240844726563 21.506240844726563 21.506240844726563 21.506240844726563 21.506240844726563 21.069688440824052 20.5295315987629 19.989374756701753 19.449217914640602 18.90906107257945 18.368904230518304 17.828747388457153 17.288590546396 16.748426349025205 16.207756876273024 14.045069694519043 -9999 -9999 -9999 -9999 -9999 -9999 -9999 -9999
-9999 -9999 -9999 -9999 -9999 -9999 -9999 -9999 -9999 -9999 -9999 -9999 -9999 -9999 -9999 -9999 -9999 -9999 -9999 -9999 -9999 15.641750322216904 16.180903334977405 16.71828474828695 17.25559583038635 17.79290691248575 18.33021799458515 18.860959078739576 19.398039386770876 19.939006164044194 20.473417159300723 21.007828154557256 21.542239149813785 21.506239531221386 21.506239947699424 21.506240364177465 21.506240780655506 21.506240844726563 21.506240844726563 21.506240844726563 21.506240844726563 21.506240844726563 21.15082400977601 20.61066716771486 20.07051032565371 19.53035348359256 18.99019664153141 18.45003979947026 17.90988295740911 17.36972611534796 16.82951629952578 16.288846826773597 15.748177354021413 -9999 -9999 -9999 -9999 -9999 -9999 -9999 -9999 -9999
-9999 -9999 -9999 -9999 -9999 -9999 -9999 -9999 -9999 -9999 -9999 -9999 -9999 -9999 -9999 -9999 -9999 -9999 -9999 -9999 15.563995720500442 16.100229810934987 16.63950461785055 17.17681569994995 17.71412678204935 18.251437864148752 18.788748946248152 19.31929227374372 19.857565270055023 20.395753526482963 20.930164521739492 21.464575516996025 21.50623957197131 21.50623998844935 21.506240404927393 21.50624082140543 21.506240844726563 21.506240844726563 21.506240844726563 21.506240844726563 21.506240844726563 21.231959578727967 20.691802736666816 20.151645894605668 19.611489052544517 19.071332210483366 18.53117536842222 17.991018526361067 17.450861684299916 16.910606250026355 16.36993677727417 15.829267304521986 -9999 -9999 -9999 -9999 -9999 -9999 -9999 -9999 -9999 -9999
-9999 -9999 -9999 -9999 -9999 -9999 -9999 -9999 -9999 -9999 -9999 -9999 -9999 -9999 -9999 -9999 -9999 -9999 -9999 15.486241118783981 16.02239635777514 16.559460719449067 17.098035569513552 17.635346651612952 18.172657733712352 18.709968815811752 19.24176425811809 19.77881815702787 20.318089893665203 20.852500888921732 21.38691188417826 21.506239612721235 21.506240029199276 21.506240445677317 21.506240844726563 21.506240844726563 21.506240844726563 21.506240844726563 21.506240844726563 21.506240844726563 21.313095147679924 20.772938305618776 20.232781463557625 19.692624621496474 19.152467779435327 18.612310937374176 18.072154095313024 17.531997253251873 16.991696200526928 16.451026727774742 15.91035725502256 14.045069694519043 -9999 -9999 -9999 -9999 -9999 -9999 -9999 -9999 -9999 -9999
-9999 -9999 -9999 -9999 -9999 -9999 -9999 -9999 -9999 -9999 -9999 -9999 -9999 -9999 -9999 -9999 -9999 -9999 15.407958888223726 15.944641756058678 16.480796995049836 17.018691627963147 17.556566521176553 18.093877603275953 18.631188685375353 19.168499767474753 19.700071044000715 20.24042626084744 20.77483725610397 21.3092482513605 21.50623965347116 21.5062400699492 21.50624048642724 21.506240844726563 21.506240844726563 21.506240844726563 21.506240844726563 21.506240844726563 21.506240844726563 21.39423071663188 20.854073874570734 20.313917032509583 19.77376019044843 19.233603348387284 18.693446506326133 18.15328966426498 17.613132822203834 17.0727861510275 16.53211667827532 15.991447205523134 14.045069694519043 -9999 -9999 -9999 -9999 -9999 -9999 -9999 -9999 -9999 -9999 -9999
-9999 -9999 -9999 -9999 -9999 -9999 -9999 -9999 -9999 -9999 -9999 -9999 -9999 -9999 -9999 -9999 -9999 -9999 15.86642886812393 16.403042393333372 16.939197632324532 17.477786390740153 18.015097472839553 18.552408554938953 19.089719637038353 19.62229245695105 20.159596927284866 20.697173623286208 21.23158461854274 21.506239694221083 21.506240110699125 21.506240527177166 21.506240844726563 21.506240844726563 21.506240844726563 21.506240844726563 21.506240844726563 21.506240844726563 21.47536628558384 20.93520944352269 20.39505260146154 19.85489575940039 19.31473891733924 18.77458207527809 18.23442523321694 17.69426839115579 17.153876101528077 16.61320662877589 16.07253715602371 14.045069694519043 -9999 -9999 -9999 -9999 -9999 -9999 -9999 -9999 -9999 -9999 -9999 -9999
-9999 -9999 -9999 -9999 -9999 -9999 -9999 -9999 -9999 -9999 -9999 -9999 -9999 -9999 -9999 -9999 -9999 15.788598239984854 16.324898848024134 16.86144303060807 17.397598269599225 17.93631734240315 18.47362842450255 19.01093950660195 19.547119898811612 20.08084981425771 20.619509990468448 21.153920985724977 21.506239734971007 21.50624015144905 21.50624056792709 21.506240844726563 21.506240844726563 21.506240844726563 21.506240844726563 21.506240844726563 21.506240844726563 21.506240844726563 21.01634501247465 20.476188170413497 19.936031328352346 19.3958744862912 18.855717644230047 18.315560802168896 17.77540396010775 17.23496605202865 16.694296579276465 16.153627106524283 14.045069694519043 -9999 -9999 -9999 -9999 -9999 -9999 -9999 -9999 -9999 -9999 -9999 -9999 -9999
-9999 -9999 -9999 -9999 -9999 -9999 -9999 -9999 -9999 -9999 -9999 -9999 -9999 -9999 -9999 -9999 15.711579518904855 16.247066542824257 16.783368827924335 17.319843667882765 17.85647992094889 18.39484829406615 18.93215937616555 19.46947045826495 20.00210270123056 20.541846357650687 21.076257352907216 21.506239775720932 21.506240192198973 21.506240608677015 21.506240844726563 21.506240844726563 21.506240844726563 21.506240844726563 21.506240844726563 21.506240844726563 21.506240844726563 21.097480581426606 20.557323739365454 20.017166897304303 19.477010055243156 18.936853213182005 18.396696371120854 17.856539529059706 17.316056002529223 16.77538652977704 16.234717057024856 14.045069694519043 -9999 -9999 -9999 -9999 -9999 -9999 -9999 -9999 -9999 -9999 -9999 -9999 -9999 -9999
-9999 -9999 -9999 -9999 -9999 -9999 -9999 -9999 -9999 -9999 -9999 -9999 -9999 -9999 -9999 15.634560797824857 16.17004782174426 16.705534845663664 17.24183880782454 17.77824430515746 18.315710829462965 18.85337924572915 19.39069032782855 19.924379742589885 20.461628584514706 20.998593720089456 21.533004715345985 21.506240232948898 21.50624064942694 21.506240844726563 21.506240844726563 21.506240844726563 21.506240844726563 21.506240844726563 21.506240844726563 21.506240844726563 21.178616150378563 20.63845930831741 20.09830246625626 19.558145624195113 19.017988782133962 18.47783194007281 17.937675098011663 17.3971459530298 16.856476480277614 16.31580700752543 15.775137534773247 -9999 -9999 -9999 -9999 -9999 -9999 -9999 -9999 -9999 -9999 -9999 -9999 -9999 -9999 -9999
-9999 -9999 -9999 -9999 -9999 -9999 -9999 -9999 -9999 -9999 -9999 -9999 -9999 -9999 15.55754207674486 16.09302910066426 16.628516124583665 17.164003148503067 17.700308787724744 18.236644942432157 18.77459911529275 19.31191019739215 19.84922127949155 20.382881471487554 20.920930087271692 21.45534108252822 21.506240273698822 21.506240690176863 21.506240844726563 21.506240844726563 21.506240844726563 21.506240844726563 21.506240844726563 21.506240844726563 21.506240844726563 21.25975171933052 20.71959487726937 20.17943803520822 19.63928119314707 19.09912435108592 18.558967509024768 18.01881066696362 17.478235903530372 16.937566430778187 16.396896958026005 15.85622748527382 -9999 -9999 -9999 -9999 -9999 -9999 -9999 -9999 -9999 -9999 -9999 -9999 -9999 -9999 -9999 -9999
-9999 -9999 -9999 -9999 -9999 -9999 -9999 -9999 -9999 -9999 -9999 -9999 -9999 15.480523355664861 16.016010379584266 16.551497403503667 17.08698442742307 17.622471451342474 18.158778767624945 18.695045579706854 19.233130066955752 19.770441149055152 20.304768638307618 20.843266454453932 21.37767744971046 21.506240314448746 21.506240730926788 21.506240844726563 21.506240844726563 21.506240844726563 21.506240844726563 21.506240844726563 21.506240844726563 21.506240844726563 21.340887288282477 20.800730446221326 20.26057360416018 19.720416762099028 19.180259920037876 18.64010307797673 18.099946235915578 17.559325854030945 17.018656381278763 16.477986908526578 15.937317435774395 14.045069694519043 -9999 -9999 -9999 -9999 -9999 -9999 -9999 -9999 -9999 -9999 -9999 -9999 -9999 -9999 -9999 -9999
-9999 -9999 -9999 -9999 -9999 -9999 -9999 -9999 -9999 -9999 -9999 -9999 -9999 15.938991658504266 16.47447868242367 17.00996570634307 17.545452730262475 18.080939754181877 18.61724874752515 19.153499122448707 19.691661018618753 20.228972100718153 20.76366024174455 21.3000138168927 21.50624035519867 21.506240771676712 21.506240844726563 21.506240844726563 21.506240844726563 21.506240844726563 21.506240844726563 21.506240844726563 21.506240844726563 21.422022857234435 20.881866015173284 20.341709173112136 19.801552331050985 19.261395488989834 18.721238646928686 18.181081804867535 17.640415804531518 17.099746331779336 16.55907685902715 16.01840738627497 14.045069694519043 -9999 -9999 -9999 -9999 -9999 -9999 -9999 -9999 -9999 -9999 -9999 -9999 -9999 -9999 -9999 -9999 -9999
-9999 -9999 -9999 -9999 -9999 -9999 -9999 -9999 -9999 -9999 -9999 -9999 15.861972937424268 16.39745996134367 16.932946985263072 17.468434009182477 18.00392103310188 18.539408057021284 19.07569161526509 19.612730030962787 20.15019197028175 20.684913128717398 21.22235018407494 21.506240395948595 21.506240812426636 21.506240844726563 21.506240844726563 21.506240844726563 21.506240844726563 21.506240844726563 21.506240844726563 21.506240844726563 21.503158426186392 20.96300158412524 20.422844742064093 19.882687900002942 19.34253105794179 18.802374215880644 18.262175227784276 17.721505755032094 17.18083628227991 16.640166809527727 16.099497336775542 14.045069694519043 -9999 -9999 -9999 -9999 -9999 -9999 -9999 -9999 -9999 -9999 -9999 -9999 -9999 -9999 -9999 -9999 -9999 -9999
-9999 -9999 -9999 -9999 -9999 -9999 -9999 -9999 -9999 -9999 -9999 15.784954216344271 16.320441240263673 16.855928264183078 17.39141528810248 17.92690231202188 18.462389335941285 18.997876359860687 19.534092252539786 20.07141183984535 20.60872292194475 21.144686551257177 21.50624043669852 21.506240844726563 21.506240844726563 21.506240844726563 21.506240844726563 21.506240844726563 21.506240844726563 21.506240844726563 21.506240844726563 21.506240844726563 21.044137153077198 20.50398031101605 19.9638234689549 19.42366662689375 18.8835097848326 18.343265178284852 17.802595705532667 17.261926232780482 16.7212567600283 16.180587287276115 14.045069694519043 -9999 -9999 -9999 -9999 -9999 -9999 -9999 -9999 -9999 -9999 -9999 -9999 -9999 -9999 -9999 -9999 -9999 -9999 -9999
-9999 -9999 -9999 -9999 -9999 -9999 -9999 -9999 -9999 -9999 15.707935495264273 16.243422519183675 16.77890954310308 17.31439656702248 17.849883590941882 18.385370614861287 18.92085763878069 19.45634466270009 19.992492889814482 20.52994279150835 21.065691898974393 21.506240477448443 21.506240844726563 21.506240844726563 21.506240844726563 21.506240844726563 21.506240844726563 21.506240844726563 21.506240844726563 21.506240844726563 21.506240844726563 21.125272722029155 20.585115879968008 20.044959037906857 19.504802195845706 18.964645353784558 18.424355128785425 17.88368565603324 17.34301618328106 16.802346710528873 16.26167723777669 14.045069694519043 -9999 -9999 -9999 -9999 -9999 -9999 -9999 -9999 -9999 -9999 -9999 -9999 -9999 -9999 -9999 -9999 -9999 -9999 -9999 -9999
-9999 -9999 -9999 -9999 -9999 -9999 -9999 -9999 -9999 15.630916774184275 16.166403798103676 16.70189082202308 17.237377845942483 17.772864869861884 18.30835189378129 18.84383891770069 19.379325941620095 19.914812965539497 20.45089352708918 20.98847374317135 21.523770280878185 21.506240844726563 21.506240844726563 21.506240844726563 21.506240844726563 21.506240844726563 21.506240844726563 21.506240844726563 21.506240844726563 21.506240844726563 21.206408290981116 20.666251448919965 20.126094606858814 19.585937764797663 19.045780922736515 18.505445079285998 17.964775606533816 17.42410613378163 16.88343666102945 16.342767188277264 15.80209771552508 -9999 -9999 -9999 -9999 -9999 -9999 -9999 -9999 -9999 -9999 -9999 -9999 -9999 -9999 -9999 -9999 -9999 -9999 -9999 -9999 -9999
-9999 -9999 -9999 -9999 -9999 -9999 -9999 -9999 15.553898053104277 16.089385077023678 16.624872100943083 17.160359124862484 17.69584614878189 18.23133317270129 18.766820196620692 19.302307220540097 19.8377942444595 20.3732812683789 20.90969361273495 21.44610664806042 21.506240844726563 21.506240844726563 21.506240844726563 21.506240844726563 21.506240844726563 21.506240844726563 21.506240844726563 21.506240844726563 21.506240844726563 21.287543859933074 20.747387017871922 20.20723017581077 19.667073333749624 19.126916491688473 18.58653502978657 18.04586555703439 17.505196084282204 16.964526611530022 16.423857138777837 15.883187666025655 14.045069694519043 -9999 -9999 -9999 -9999 -9999 -9999 -9999 -9999 -9999 -9999 -9999 -9999 -9999 -9999 -9999 -9999 -9999 -9999 -9999 -9999 -9999
-9999 -9999 -9999 -9999 -9999 -9999 -9999 15.476879332024279 16.01236635594368 16.547853379863085 17.083340403782486 17.61882742770189 18.154314451621293 18.689801475540694 19.2252884994601 19.7607755233795 20.296262547298902 20.831749571218307 21.368163233513805 21.506240844726563 21.506240844726563 21.506240844726563 21.506240844726563 21.506240844726563 21.506240844726563 21.506240844726563 21.506240844726563 21.506240844726563 21.36867942888503 20.82852258682388 20.28836574476273 19.74820890270158 19.20805206064043 18.667624980287147 18.126955507534962 17.58628603478278 17.045616562030595 16.504947089278414 15.964277616526228 14.045069694519043 -9999 -9999 -9999 -9999 -9999 -9999 -9999 -9999 -9999 -9999 -9999 -9999 -9999 -9999 -9999 -9999 -9999 -9999 -9999 -9999 -9999 -9999
-9999 -9999 -9999 -9999 -9999 -9999 -9999 15.935347634863684 16.470834658783087 17.006321682702488 17.541808706621893 18.077295730541294 18.612782754460696 19.1482697783801 19.683756802299502 20.219243826218907 20.75473085013831 21.29021787405771 21.506240844726563 21.506240844726563 21.506240844726563 21.506240844726563 21.506240844726563 21.506240844726563 21.506240844726563 21.506240844726563 21.506240844726563 21.449814997836988 20.909658155775837 20.369501313714686 19.82934447165354 19.289187629592387 18.74871493078772 18.20804545803554 17.667375985283353 17.126706512531168 16.586037039778986 16.0453675670268 14.045069694519043 -9999 -9999 -9999 -9999 -9999 -9999 -9999 -9999 -9999 -9999 -9999 -9999 -9999 -9999 -9999 -9999 -9999 -9999 -9999 -9999 -9999 -9999 -9999
-9999 -9999 -9999 -9999 -9999 -9999 15.858328913783685 16.39381593770309 16.92930296162249 17.464789985541895 18.000277009461296 18.5357640333807 19.071251057300103 19.606738081219504 20.142135678788335 20.67734328299956 21.21255088721078 21.506240844726563 21.506240844726563 21.506240844726563 21.506240844726563 21.506240844726563 21.506240844726563 21.506240844726563 21.506240844726563 21.506240844726563 21.530950566788945 20.990793724727794 20.450636882666643 19.910480040605496 19.370323198544344 18.829804881288293 18.28913540853611 17.748465935783926 17.207796463031745 16.66712699027956 16.126457517527378 14.045069694519043 -9999 -9999 -9999 -9999 -9999 -9999 -9999 -9999 -9999 -9999 -9999 -9999 -9999 -9999 -9999 -9999 -9999 -9999 -9999 -9999 -9999 -9999 -9999 -9999
