output/bk.asc
NCOLS 329
NROWS 487
XLLCORNER 0.4296875
YLLCORNER 0.03125
CELLSIZE  0.5
NODATA_VALUE -9999
[rows 324 to 350 of 487, columns 0 to 61 of 329]
-9999 -9999 -9999 -9999 -9999 -9999 -9999 -9999 -9999 -9999 -9999 -9999 -9999 -9999 -9999 -9999 -9999 -9999 -9999 -9999 -9999 -9999 -9999 -9999 -9999 -9999 -9999 -9999 -9999 -9999 15.735707310520288 16.274909936928548 16.819154799203037 17.339795573828614 17.88000395827405 18.420081371541524 18.957304330779763 19.494527290018006 20.031750249256245 20.568973208494487 21.106196167732726 21.54598348835128 21.545982250358172 21.54598101236506 21.545979774371954 21.545978536378847 21.545977298385736 21.54597606039263 21.54597482239952 21.545974909689026 21.545975514823088 21.545976119957146 21.545976725091204 21.374392225814717 20.837232623274872 20.30007302073503 19.76291341819519 19.22592894777488 18.689163141097772 18.152397334420666 17.61563152774356 17.078865721066453
-9999 -9999 -9999 -9999 -9999 -9999 -9999 -9999 -9999 -9999 -9999 -9999 -9999 -9999 -9999 -9999 -9999 -9999 -9999 -9999 -9999 -9999 -9999 -9999 -9999 -9999 -9999 -9999 -9999 15.654708193675372 16.19391082008363 16.734626328857455 17.279682390325668 17.799078908535986 18.33928729298142 18.877514125367256 19.4147370846055 19.951960043843737 20.48918300308198 21.026405962320222 21.545983543455833 21.545982305462726 21.545981067469615 21.545979829476508 21.5459785914834 21.54597735349029 21.545976115497183 21.545974877504076 21.545975234415124 21.545975839549186 21.545976444683244 21.545977049817303 21.452710917083316 20.915551314543475 20.378391712003634 19.841232109463792 19.304088920766393 18.767323114089287 18.23055730741218 17.693791500735074 17.157025694057968 16.62025988738086
-9999 -9999 -9999 -9999 -9999 -9999 -9999 -9999 -9999 -9999 -9999 -9999 -9999 -9999 -9999 -9999 -9999 -9999 -9999 -9999 -9999 -9999 -9999 -9999 -9999 -9999 -9999 -9999 15.573709076830454 16.112911703238712 16.65211432964697 17.195991753541282 17.718153858797923 18.258362243243358 18.79772391995475 19.33494687919299 19.87216983843123 20.409392797669472 20.946615756907715 21.483838716145954 21.54598236056728 21.54598112257417 21.54597988458106 21.545978646587955 21.545977408594844 21.545976170601737 21.545974954007164 21.545975559141223 21.54597616427528 21.545976769409343 21.5459773745434 21.53102960835192 20.993870005812074 20.456710403272233 19.91955080073239 19.38239119819255 18.8454830870808 18.308717280403695 17.77195147372659 17.235185667049482 16.69841986037238 16.161654053695273
-9999 -9999 -9999 -9999 -9999 -9999 -9999 -9999 -9999 -9999 -9999 -9999 -9999 -9999 -9999 -9999 -9999 -9999 -9999 -9999 -9999 -9999 -9999 -9999 -9999 -9999 -9999 15.492709959985538 16.031912586393794 16.571115212802052 17.11141804402065 17.65600233451993 18.177437193505295 18.71764557795073 19.255156673780483 19.792379633018726 20.329602592256965 20.866825551495207 21.404048510733446 21.545982415671833 21.545981177678726 21.545979939685616 21.54597870169251 21.545977463699398 21.54597622570629 21.545975278733263 21.54597588386732 21.54597648900138 21.545977094135438 21.5459776992695 21.545978304403558 21.072188697080676 20.535029094540835 19.997869492000994 19.46070988946115 18.923643060072315 18.386877253395213 17.850111446718106 17.313345640041 16.776579833363893 16.239814026686787 15.70304822000968
-9999 -9999 -9999 -9999 -9999 -9999 -9999 -9999 -9999 -9999 -9999 -9999 -9999 -9999 -9999 -9999 -9999 -9999 -9999 -9999 -9999 -9999 -9999 -9999 -9999 -9999 -9999 15.950913469548878 16.490116095957138 17.029318722365396 17.572828707879527 18.09651214376723 18.636720528212667 19.175366468367976 19.71258942760622 20.249812386844457 20.7870353460827 21.32425830532094 21.545982470776387 21.54598123278328 21.54597999479017 21.545978756797062 21.54597751880395 21.545976280810844 21.545975603459357 21.54597620859342 21.545976813727478 21.545977418861536 21.5459780239956 21.545978629129657 21.150507388349276 20.613347785809434 20.076188183269593 19.539028580729752 19.00186897818991 18.465037226386727 17.92827141970962 17.391505613032514 16.854739806355408 16.3179739996783 15.781208193001195 -9999
-9999 -9999 -9999 -9999 -9999 -9999 -9999 -9999 -9999 -9999 -9999 -9999 -9999 -9999 -9999 -9999 -9999 -9999 -9999 -9999 -9999 -9999 -9999 -9999 -9999 -9999 15.86991435270396 16.40911697911222 16.948319605520478 17.48820975918384 18.029664115448664 18.555795478474607 19.09557626295547 19.63279922219371 20.17002218143195 20.707245140670192 21.24446809990843 21.54598252588094 21.545981287887834 21.545980049894723 21.545978811901616 21.545977573908505 21.545976335915398 21.545975928185456 21.545976533319518 21.545977138453576 21.545977743587635 21.545978348721693 21.545978953855755 21.22882607961788 20.691666477078037 20.154506874538196 19.61734727199835 19.08018766945851 18.54319719937824 18.006431392701135 17.46966558602403 16.932899779346922 16.396133972669816 15.859368165992711 -9999 -9999
-9999 -9999 -9999 -9999 -9999 -9999 -9999 -9999 -9999 -9999 -9999 -9999 -9999 -9999 -9999 -9999 -9999 -9999 -9999 -9999 -9999 -9999 -9999 -9999 -9999 15.788915235859044 16.3281178622673 16.86732048867556 17.406523115083818 17.94966566221777 18.474870428736544 19.01507881318198 19.553009016781203 20.090231976019442 20.627454935257685 21.164677894495924 21.545982580985495 21.545981342992388 21.545980104999277 21.54597886700617 21.545977629013063 21.545976391019952 21.545976252911554 21.545976858045613 21.545977463179675 21.545978068313733 21.54597867344779 21.545979278581854 21.307144770886477 20.769985168346636 20.232825565806795 19.695665963266954 19.158506360727113 18.621357172369756 18.08459136569265 17.547825559015543 17.011059752338436 16.47429394566133 15.937528138984225 15.400762332307119 -9999 -9999
-9999 -9999 -9999 -9999 -9999 -9999 -9999 -9999 -9999 -9999 -9999 -9999 -9999 -9999 -9999 -9999 -9999 -9999 -9999 -9999 -9999 -9999 -9999 -9999 15.707916119014126 16.247118745422384 16.786321371830642 17.3255239982389 17.865001474347032 18.403325896377396 18.934153763443916 19.473218811368696 20.010441770606935 20.547664729845177 21.08488768908342 21.54598263609005 21.54598139809694 21.54598016010383 21.545978922110724 21.545977684117616 21.545976446124506 21.545976577637653 21.54597718277171 21.545977787905773 21.54597839303983 21.54597899817389 21.54597960330795 21.38546346215508 20.84830385961524 20.311144257075398 19.773984654535553 19.236825051995712 18.69966544945587 18.162751338684163 17.625985532007057 17.08921972532995 16.552453918652848 16.01568811197574 15.478922305298633 -9999 -9999 -9999
-9999 -9999 -9999 -9999 -9999 -9999 -9999 -9999 -9999 -9999 -9999 -9999 -9999 -9999 -9999 -9999 -9999 -9999 -9999 -9999 -9999 -9999 -9999 15.62691700216921 16.166119628577466 16.705322254985724 17.244524881393986 17.783727507802244 18.326502616556017 18.853228713705853 19.39342860595619 19.93065156519443 20.46787452443267 21.005097483670912 21.54232044290915 21.545981453201495 21.545980215208385 21.545978977215277 21.54597773922217 21.54597650122906 21.54597690236375 21.54597750749781 21.545978112631868 21.54597871776593 21.54597932289999 21.545979928034047 21.46378215342368 20.926622550883838 20.389462948343997 19.852303345804156 19.315143743264315 18.777984140724474 18.240911311675678 17.704145504998575 17.16737969832147 16.630613891644362 16.093848084967256 15.55708227829015 -9999 -9999 -9999 -9999
-9999 -9999 -9999 -9999 -9999 -9999 -9999 -9999 -9999 -9999 -9999 -9999 -9999 -9999 -9999 -9999 -9999 -9999 -9999 -9999 -9999 -9999 15.554335963185896 16.08512051173255 16.62432313814081 17.163525764549068 17.702728390957326 18.241931017365584 18.77698767730613 19.312512048413225 19.850861359781923 20.388084319020162 20.925307278258405 21.462530237496644 21.54598150830605 21.54598027031294 21.54597903231983 21.545977794326724 21.545976621955788 21.54597722708985 21.545977832223908 21.545978437357967 21.54597904249203 21.545979647626087 21.545980252760145 21.542100844692282 21.00494124215244 20.4677816396126 19.930622037072755 19.393462434532914 18.856302831993073 18.319143229453232 17.78230547799009 17.245539671312983 16.708773864635877 16.17200805795877 15.635242251281664 -9999 -9999 -9999 -9999 -9999
-9999 -9999 -9999 -9999 -9999 -9999 -9999 -9999 -9999 -9999 -9999 -9999 -9999 -9999 -9999 -9999 -9999 -9999 -9999 -9999 -9999 15.47922582916369 16.010159562837462 16.54332402129589 17.08252664770415 17.621729274112408 18.160931900520666 18.70333957089426 19.231586998675166 19.771071154369416 20.308294113607655 20.845517072845897 21.382740032084136 21.545981563410603 21.545980325417492 21.545979087424385 21.545977849431278 21.545976946681886 21.545977551815948 21.545978156950007 21.545978762084065 21.545979367218123 21.545979972352185 21.545980577486244 21.545981182620302 21.08325993342104 20.5461003308812 20.008940728341358 19.471781125801517 18.934621523261676 18.39746192072183 17.860465450981604 17.323699644304497 16.78693383762739 16.250168030950285 15.713402224273178 -9999 -9999 -9999 -9999 -9999 -9999
-9999 -9999 -9999 -9999 -9999 -9999 -9999 -9999 -9999 -9999 -9999 -9999 -9999 -9999 -9999 -9999 -9999 -9999 -9999 -9999 -9999 15.935809524413298 16.465983162489028 17.00152753085923 17.54073015726749 18.079932783675748 18.619135410084006 19.150661948937103 19.690870333382538 20.228503908195147 20.76572686743339 21.30294982667163 21.545981618515157 21.54598038052205 21.54597914252894 21.54597790453583 21.545977271407985 21.545977876542043 21.545978481676105 21.545979086810163 21.545979691944222 21.545980297078284 21.545980902212342 21.5459815073464 21.161578624689643 20.6244190221498 20.087259419609957 19.550099817070116 19.012940214530275 18.475780611990434 17.938625423973118 17.40185961729601 16.865093810618905 16.3283280039418 15.791562197264694 -9999 -9999 -9999 -9999 -9999 -9999 -9999
-9999 -9999 -9999 -9999 -9999 -9999 -9999 -9999 -9999 -9999 -9999 -9999 -9999 -9999 -9999 -9999 15.32636128754175 0.0020000000949949026 -9999 -9999 15.859242540494842 16.392393219662907 16.921806762140594 17.45973104042257 17.99893366683083 18.53813629323909 19.080176525232506 19.609945283644475 20.14871370278264 20.685936662020882 21.22315962125912 21.54598167361971 21.545980435626603 21.545979197633493 21.545977959640386 21.545977596134083 21.54597820126814 21.5459788064022 21.545979411536262 21.54598001667032 21.54598062180438 21.54598122693844 21.5459818320725 21.239897315958242 20.7027377134184 20.16557811087856 19.62841850833872 19.091258905798878 18.554099303259033 18.016939700719192 17.480019590287526 16.94325378361042 16.406487976933317 15.869722170256209 15.332956363579102 -9999 -9999 -9999 -9999 -9999 -9999 -9999
-9999 -9999 -9999 -9999 -9999 -9999 -9999 -9999 -9999 -9999 -9999 -9999 -9999 -9999 -9999 -9999 15.767581987765984 15.94209286123249 15.489522316202665 15.782675556576388 16.315826235744453 16.848976914912516 17.378731923577657 17.917934549985915 18.457137176394173 18.99633980280243 19.52902023390641 20.068923497370132 20.606146456608375 21.143369415846617 21.545981728724264 21.545980490731157 21.545979252738046 21.54597801474494 21.54597792086018 21.54597852599424 21.5459791311283 21.54597973626236 21.54598034139642 21.545980946530477 21.545981551664536 21.545982156798598 21.318216007226845 20.781056404687003 20.24389680214716 19.706737199607318 19.169577597067477 18.632417994527636 18.095258391987795 17.558179563279044 17.021413756601937 16.48464794992483 15.947882143247725 15.411116336570618 -9999 -9999 -9999 -9999 -9999 -9999 -9999 -9999
-9999 -9999 -9999 -9999 -9999 -9999 -9999 -9999 -9999 -9999 -9999 -9999 -9999 -9999 -9999 15.689880599646905 16.22145905853709 16.480508514701885 16.02793796967206 16.239259251825995 16.77240993099406 17.305370586262615 17.836935433140997 18.376138059549255 18.915340685957514 19.45701347957075 19.988303568613784 20.526356251195867 21.06357921043411 21.545981783828818 21.54598054583571 21.5459793078426 21.545978069849493 21.54597824558628 21.54597885072034 21.545979455854397 21.545980060988455 21.545980666122517 21.545981271256576 21.545981876390634 21.545982481524696 21.396534698495444 20.859375095955603 20.32221549341576 19.78505589087592 19.24789628833608 18.710736685796235 18.173577083256394 17.636417480716553 17.099573729593452 16.562807922916345 16.02604211623924 15.489276309562133 -9999 -9999 -9999 -9999 -9999 -9999 -9999 -9999 -9999
-9999 -9999 -9999 -9999 -9999 -9999 -9999 -9999 -9999 -9999 -9999 -9999 -9999 -9999 15.612179211527824 16.143757670418008 16.675336129308192 17.018046529592944 16.566353623141453 16.695842947075604 17.228993626243668 17.761194185914178 18.295138942704337 18.834341569112595 19.373544195520854 19.90737851887572 20.44656604578336 20.983789005021602 21.52101196425984 21.545980600940265 21.545979362947154 21.545978124954047 21.545978570312375 21.545979175446437 21.545979780580495 21.545980385714554 21.545980990848616 21.545981595982674 21.545982201116733 21.54598280625079 21.474853389764046 20.937693787224205 20.40053418468436 19.86337458214452 19.32621497960468 18.789055377064837 18.251895774524996 17.714736171985155 17.177733702584966 16.64096789590786 16.104202089230753 15.567436282553647 -9999 -9999 -9999 -9999 -9999 -9999 -9999 -9999 -9999 -9999
-9999 -9999 -9999 -9999 -9999 -9999 -9999 -9999 -9999 -9999 -9999 -9999 -9999 15.535031809397001 16.066056282298927 16.59763474118911 17.129213200079295 17.555105294653586 17.10476927661085 17.152426642325214 17.685577321493277 18.217017785565744 18.753342452267677 19.292545078675936 19.833850433908996 20.366661853583096 20.903998799609095 21.441221758847334 21.54598065604482 21.545979418051708 21.545978289904415 21.545978895038473 21.545979500172535 21.545980105306594 21.545980710440652 21.54598131557471 21.545981920708773 21.54598252584283 21.54598313097689 21.54598373611095 21.016012478492804 20.478852875952963 19.941693273413122 19.40453367087328 18.867374068333437 18.330214465793595 17.793054863253754 17.255895260713913 16.719127868899374 16.182362062222268 15.645596255545163 -9999 -9999 -9999 -9999 -9999 -9999 -9999 -9999 -9999 -9999 -9999
-9999 -9999 -9999 -9999 -9999 -9999 -9999 -9999 -9999 -9999 -9999 -9999 15.45809352780479 15.98835489417985 16.519933353070034 17.051511811960218 17.5830902708504 18.09216405971423 17.643184930080242 17.609010337574823 18.142161016742886 18.67284138521731 19.21154596183102 19.75074858823928 20.285736803845033 20.824208594196588 21.361431553434826 21.545980711149372 21.54597947315626 21.545978614630513 21.545979219764572 21.54597982489863 21.545980430032692 21.54598103516675 21.54598164030081 21.54598224543487 21.54598285056893 21.545983455702988 21.545984060837046 21.094331169761407 20.557171567221562 20.02001196468172 19.48285236214188 18.94569275960204 18.408533157062198 17.871373554522357 17.334213951982512 16.79728784189089 16.260522035213782 15.723756228536677 -9999 -9999 -9999 -9999 -9999 -9999 -9999 -9999 -9999 -9999 -9999 -9999
-9999 -9999 -9999 -9999 -9999 -9999 -9999 -9999 -9999 -9999 -9999 15.377154851131301 15.910653506060768 16.442231964950953 16.973810423841137 17.50538888273132 18.036967341621505 18.56854580051169 18.18160058354964 18.065594032824432 18.598744711992495 19.130546844986103 19.66974947139436 20.21068738824724 20.74441838878408 21.281641348022323 21.545980766253926 21.545979528260816 21.545978939356612 21.54597954449067 21.54598014962473 21.54598075475879 21.54598135989285 21.545981965026908 21.545982570160966 21.545983175295028 21.545983780429086 21.545984385563145 21.172649861030006 20.635490258490165 20.098330655950324 19.561171053410483 19.02401145087064 18.486851848330797 17.949692245790956 17.412532643251115 16.875447814882406 16.3386820082053 15.801916201528194 -9999 -9999 -9999 -9999 -9999 -9999 -9999 -9999 -9999 -9999 -9999 -9999 -9999
-9999 -9999 -9999 -9999 -9999 -9999 -9999 -9999 -9999 -9999 -9999 15.823487749218124 16.36453057683187 16.896109035722056 17.42768749461224 17.959265953502424 18.490844412392608 19.022422871282792 18.72001623701903 18.522177728074038 19.055328407242104 19.588750354549443 20.1279529809577 20.664095088814342 21.201851142609815 21.54598082135848 21.545979583365373 21.54597926408271 21.54597986921677 21.545980474350827 21.545981079484886 21.545981684618948 21.545982289753006 21.545982894887064 21.545983500021126 21.545984105155185 21.545984710289243 21.250968552298605 20.713808949758764 20.176649347218923 19.639489744679082 19.10233014213924 18.5651705395994 18.02801093705956 17.490851334519714 16.953691731979873 16.416841981196814 15.880076174519708 15.343310367842601 -9999 -9999 -9999 -9999 -9999 -9999 -9999 -9999 -9999 -9999 -9999 -9999 -9999
-9999 -9999 -9999 -9999 -9999 -9999 -9999 -9999 -9999 -9999 15.731155561344586 16.27178380255765 16.813449054420502 17.34998610649316 17.881564565383343 18.413143024273527 18.94472148316371 19.476299942053895 19.257333363099363 18.978761423323647 19.511912102491713 20.046953864112783 20.587524342585485 21.122060937197308 21.545980876463034 21.545979638469927 21.545979588808805 21.545980193942867 21.545980799076926 21.545981404210984 21.545982009345046 21.545982614479104 21.545983219613163 21.54598382474722 21.545984429881283 21.54598503501534 21.329287243567208 20.792127641027367 20.254968038487526 19.717808435947685 19.18064883340784 18.643489230868 18.106329628328158 17.569170025788317 17.032010423248476 16.49500195418833 15.958236147511222 15.421470340834116 -9999 -9999 -9999 -9999 -9999 -9999 -9999 -9999 -9999 -9999 -9999 -9999 -9999 -9999
-9999 -9999 -9999 -9999 -9999 -9999 -9999 -9999 -9999 15.64862886028763 16.184211516061467 16.720079855897172 17.261745107760028 17.803410359622884 18.33544163615445 18.867020095044634 19.398598553934814 19.930177012825 19.794392128160005 19.435345118573256 19.968052408642464 20.505157373676127 21.0422707317848 21.545980931567588 21.54597969357448 21.545979913534904 21.545980518668966 21.545981123803024 21.545981728937083 21.54598233407114 21.545982939205203 21.54598354433926 21.54598414947332 21.54598475460738 21.54598535974144 21.407605934835807 20.870446332295966 20.333286729756125 19.796127127216284 19.258967524676443 18.721807922136602 18.18464831959676 17.647488717056916 17.110329114517075 16.573169511977234 16.036396120502737 15.499630313825632 -9999 -9999 -9999 -9999 -9999 -9999 -9999 -9999 -9999 -9999 -9999 -9999 -9999 -9999 -9999
-9999 -9999 -9999 -9999 -9999 -9999 -9999 -9999 15.566102159230676 16.10168481500451 16.637267470778344 17.17285012655218 17.710041161099554 18.251706412962406 18.789318706925553 19.320897165815737 19.85247562470592 20.384054083596105 20.331450893220648 19.891928813822865 20.42415825683121 20.96436129692373 21.49970348561053 21.545979748679034 21.545980238261002 21.54598084339506 21.545981448529123 21.54598205366318 21.54598265879724 21.545983263931298 21.54598386906536 21.545984474199418 21.545985079333477 21.54598568446754 21.48592462610441 20.94876502356457 20.411605421024728 19.874445818484887 19.337286215945042 18.8001266134052 18.26296701086536 17.72580740832552 17.188647805785678 16.651488203245837 16.11455609349425 15.577790286817146 -9999 -9999 -9999 -9999 -9999 -9999 -9999 -9999 -9999 -9999 -9999 -9999 -9999 -9999 -9999 -9999
-9999 -9999 -9999 -9999 -9999 -9999 -9999 15.48357545817372 16.019158113947555 16.554740769721388 17.090323425495225 17.625906081269058 18.161488737042895 18.70000246630193 19.241667718164788 19.77477423658684 20.306352695477024 20.837931154367208 20.86850965828129 20.421108305866785 20.88236176639455 21.419913280198024 21.545979957853042 21.5459805629871 21.54598116812116 21.545981773255217 21.54598237838928 21.545982983523338 21.545983588657396 21.54598419379146 21.545984798925517 21.545985404059575 21.545986009193633 21.545986614327695 21.027083714833168 20.489924112293327 19.952764509753486 19.415604907213645 18.878445304673804 18.341285702133963 17.804126099594118 17.266966497054277 16.729806894514436 16.19271606648577 15.65595025980866 -9999 -9999 -9999 -9999 -9999 -9999 -9999 -9999 -9999 -9999 -9999 -9999 -9999 -9999 -9999 -9999 -9999
-9999 -9999 -9999 -9999 -9999 -9999 15.402068851585675 15.936631412890598 16.47221406866443 17.00779672443827 17.5433793802121 18.07896203598594 18.61454469175977 19.150127347533605 19.68996377150431 20.228651307357943 20.760229766248127 21.29180822513831 21.405568423341933 20.959523959336178 21.3398866090149 21.545980282579137 21.5459808877132 21.545981492847257 21.545982097981316 21.545982703115378 21.545983308249436 21.545983913383495 21.545984518517553 21.545985123651615 21.545985728785674 21.545986333919732 21.545986939053794 21.10540240610177 20.56824280356193 20.03108320102209 19.493923598482244 18.956763995942403 18.41960439340256 17.88244479086272 17.34528518832288 16.80812558578304 16.270965983243194 15.734110232800177 -9999 -9999 -9999 -9999 -9999 -9999 -9999 -9999 -9999 -9999 -9999 -9999 -9999 -9999 -9999 -9999 -9999 -9999
-9999 -9999 -9999 -9999 -9999 15.326550523141274 15.859614633883144 16.39282008181575 16.92602552974835 17.460852679155145 17.996435334928982 18.532017990702816 19.067600646476652 19.603183302250486 20.13876595802432 20.67992507670669 21.21410683701923 21.745685295909414 21.94262718840258 21.496620196605782 21.545980607305236 21.545981212439298 21.545981817573356 21.545982422707414 21.545983027841473 21.545983632975535 21.545984238109593 21.54598484324365 21.545985448377714 21.545986053511772 21.54598665864583 21.54598726377989 21.18372109737037 20.64656149483053 20.109401892290688 19.572242289750847 19.035082687211005 18.497923084671164 17.96076348213132 17.42360387959148 16.886444277051638 16.349284674511797 15.812270205791691 -9999 -9999 -9999 -9999 -9999 -9999 -9999 -9999 -9999 -9999 -9999 -9999 -9999 -9999 -9999 -9999 -9999 -9999 -9999
-9999 -9999 -9999 -9999 -9999 15.78161100684351 16.31720204886613 16.850410560489774 17.38361600842238 17.91682145635498 18.450026904287586 18.985073945419696 19.52065660119353 20.056239256967366 20.5918219127412 21.128221130046214 21.667983907790337 22.199562366680517 22.47968595346322 22.033678961666425 21.579330385365136 21.545982142299454 21.545982747433513 21.54598335256757 21.545983957701633 21.54598456283569 21.54598516796975 21.54598577310381 21.54598637823787 21.54598698337193 21.545987588505987 21.262039788638972 20.72488018609913 20.187720583559287 19.650560981019446 19.113401378479605 18.576241775939764 18.039082173399922 17.50192257086008 16.96476296832024 16.427603365780396 15.890443763240556 15.3536643721061 -9999 -9999 -9999 -9999 -9999 -9999 -9999 -9999 -9999 -9999 -9999 -9999 -9999 -9999 -9999 -9999 -9999 -9999 -9999
